,0
0,5.356342508962966e-84
1,1.2355455217080124e-07
2,2.47387452014191e-07
3,3.722390833830996e-07
4,4.988273567255706e-07
5,6.278532248621777e-07
6,7.600057123457093e-07
7,8.959665247668669e-07
8,1.0364142960256637e-06
9,1.182028524370906e-06
10,1.3334932417319304e-06
11,1.4915004554476416e-06
12,1.6567533967828093e-06
13,1.8299696065316651e-06
14,2.0118838844596985e-06
15,2.203251126249946e-06
16,2.4048490689410243e-06
17,2.617480963509335e-06
18,2.8426244596653817e-06
19,3.080920160279369e-06
20,3.3330004599437766e-06
21,3.5998084580442535e-06
22,3.88232641963066e-06
23,4.1815783331269965e-06
24,4.498632483261344e-06
25,4.834604047306932e-06
26,5.1906577220235686e-06
27,5.568415055378839e-06
28,5.971846616454376e-06
29,6.402180098414724e-06
30,6.861403018853642e-06
31,7.34690784532968e-06
32,7.86005684042095e-06
33,8.402271757367374e-06
34,8.980715693320868e-06
35,9.596983219217234e-06
36,1.0248319499547957e-05
37,1.0937569795983675e-05
38,1.1664030237465445e-05
39,1.2442285561575632e-05
40,1.3267715495606417e-05
41,1.4137841741556016e-05
42,1.5054645076519282e-05
43,1.6027754426670916e-05
44,1.7066801382715598e-05
45,1.816164149069338e-05
46,1.9314745719945353e-05
47,2.052867169326113e-05
48,2.182900153474957e-05
49,2.3201649506864098e-05
50,2.4646689134375173e-05
51,2.616740570061595e-05
52,2.7775758713478062e-05
53,2.9490657081522108e-05
54,3.1294798720546674e-05
55,3.3192084084834585e-05
56,3.518655977358582e-05
57,3.730662098226679e-05
58,3.955004620261324e-05
59,4.1908219772632024e-05
60,4.438871076982189e-05
61,4.6991953809931276e-05
62,4.977810743750668e-05
63,5.270026075085683e-05
64,5.57636990579479e-05
65,5.897387067310751e-05
66,6.239803878986124e-05
67,6.599675246392163e-05
68,6.97677898649706e-05
69,7.37178412170482e-05
70,7.790120219102161e-05
71,8.23483740655202e-05
72,8.697931776544623e-05
73,9.182673466289328e-05
74,9.700577016926565e-05
75,0.00010239900700754078
76,0.00010801119150649787
77,0.00011402116472022971
78,0.00012029109792536885
79,0.00012681612417869491
80,0.0001337334247126514
81,0.00014100959810294485
82,0.00014858232446791613
83,0.0001565237382374318
84,0.00016497765107962857
85,0.00017375087325201727
86,0.00018290671295359675
87,0.0001926605583022632
88,0.0002027819947885607
89,0.00021331171123788615
90,0.00022454813965555321
91,0.00023620720806161372
92,0.00024829547639756825
93,0.0002612123070774715
94,0.0002746221272936009
95,0.00028852540639232217
96,0.00030329298774315933
97,0.0003187195666554293
98,0.0003346712176706052
99,0.0003516061968161964
100,0.00036925381327785397
101,0.0003875028128989568
102,0.00040687235977646395
103,0.00042703675009560883
104,0.0004478893161487857
105,0.00046998739998524734
106,0.0004929995031602246
107,0.0005167982630460571
108,0.0005419477110769833
109,0.0005682321087232848
110,0.0005953287741761644
111,0.000624061795477332
112,0.0006538943052155687
113,0.0006846473312362478
114,0.0007173924813672361
115,0.0007512174859596271
116,0.0007861729530754522
117,0.0008233128383390425
118,0.0008616252160697042
119,0.0009013184211555439
120,0.0009433430190221543
121,0.0009866930017927793
122,0.0010316622619101
123,0.0010791632923900893
124,0.0011281616745602008
125,0.0011789946300721802
126,0.0012326971672703922
127,0.0012880134608510203
128,0.0013455149275430598
129,0.0014060056033993692
130,0.0014683088959680651
131,0.0015332162326737108
132,0.001601282733747117
133,0.0016713844281768908
134,0.0017445010367280137
135,0.0018210131066963627
136,0.001899809119550701
137,0.0019820089131007
138,0.002068128832523183
139,0.002156527165914381
140,0.0022493176220694383
141,0.002345612304930859
142,0.002444442575750405
143,0.0025489645291127765
144,0.0026565474138906388
145,0.0027674909400474223
146,0.002884446103687096
147,0.003004542507115377
148,0.003129127338506542
149,0.0032595905584930935
150,0.0033935473747164677
151,0.0035331736245280613
152,0.0036785840651624236
153,0.0038278800975741416
154,0.003984062687606673
155,0.0041459985052042705
156,0.0043123945874527295
157,0.004487951446659549
158,0.004668036628896943
159,0.004854802226164668
160,0.005049532917126696
161,0.005248105621521809
162,0.005458492517070904
163,0.005672914774370204
164,0.005896606816688013
165,0.0061282251084048165
166,0.006365652770578546
167,0.0066156279352956125
168,0.006870478393704021
169,0.007137052333643528
170,0.007412037523522787
171,0.007694522306048647
172,0.00799097111240036
173,0.008293309258895279
174,0.008609472046627126
175,0.008935319625097948
176,0.009269838200878892
177,0.009620711548197053
178,0.009978690750996349
179,0.010351969825373243
180,0.010737321135216846
181,0.011131695043022494
182,0.011546143220345506
183,0.011969147597854796
184,0.012407963884086515
185,0.01286350329014608
186,0.013327598124924633
187,0.013816601069368236
188,0.014314296955289555
189,0.014831734743307129
190,0.015365892375457504
191,0.01591234948188071
192,0.016485211606413242
193,0.017068411803266195
194,0.017675967812625728
195,0.018301290369090846
196,0.018942040190505348
197,0.019612021944867022
198,0.02029429430824845
199,0.021004780188204043
200,0.021737920514070256
201,0.02249054813634878
202,0.02327318251373146
203,0.02407001841758925
204,0.024905137187266446
205,0.025748865746718835
206,0.026639073664322405
207,0.02753950593375183
208,0.02848052153518709
209,0.02944103988498515
210,0.030435259259761562
211,0.03145941441853542
212,0.03250932277018163
213,0.03360084021643931
214,0.03470901426961905
215,0.03587180078143876
216,0.03704841319846597
217,0.038279061594011544
218,0.039532578335371264
219,0.040829679472746
220,0.042164495776914564
221,0.043531012128865454
222,0.04495172991429945
223,0.046390727937141184
224,0.04790216313125008
225,0.04943321534842944
226,0.05102400594043209
227,0.05265557874443484
228,0.054334531442955525
229,0.05606655985299549
230,0.05783920806810946
231,0.05967519569583957
232,0.06154578379121125
233,0.06349150011920786
234,0.0654644206226937
235,0.06752590931209297
236,0.06960570655910282
237,0.07178929532816304
238,0.07398922434353344
239,0.07629297987817989
240,0.0786237484070102
241,0.08104874839546922
242,0.08351744000464081
243,0.08606886437697783
244,0.08868288480182397
245,0.09136608400184695
246,0.09413317208840054
247,0.09695367102914645
248,0.09988190990280958
249,0.1028454119764664
250,0.10594324043835569
251,0.10907024244847048
252,0.11233185573304515
253,0.11564618169442908
254,0.11908947271293213
255,0.12257702088320509
256,0.12621026638779156
257,0.12988026269485098
258,0.13371477675089918
259,0.1375729041402785
260,0.1416177786924333
261,0.1456734746487605
262,0.14993811891547587
263,0.15421026776141006
264,0.15870474725954234
265,0.163216559608616
266,0.16792772361168617
267,0.1726903829571631
268,0.1776282413043824
269,0.18265335177156253
270,0.18782836195961505
271,0.19312796062040372
272,0.19855104551389202
273,0.20413761497780636
274,0.20982018105062028
275,0.2157066623338036
276,0.22166061844741966
277,0.22786042412734747
278,0.2340982008563781
279,0.24062522851786639
280,0.24716374191950288
281,0.2540284440114643
282,0.26090917688250037
283,0.2680985139576328
284,0.2753364016652789
285,0.2828649919324008
286,0.29047549792090815
287,0.2983585780243204
288,0.30635770850780336
289,0.31461115603975504
290,0.32301547501459027
291,0.3316627903764847
292,0.3405017868717866
293,0.3495385476823288
294,0.3588304187859113
295,0.36827419462496813
296,0.37803771913332684
297,0.38790686256012796
298,0.3981614136803826
299,0.40847508926273746
300,0.41924064746555634
301,0.4300251500347253
302,0.44131602748308224
303,0.4526330733414192
304,0.46442966616528586
305,0.4763005267916624
306,0.48862522566691796
307,0.5010718203384061
308,0.5139479629542303
309,0.5269928721850898
310,0.5404621911965029
311,0.5541547736272053
312,0.568194562118443
313,0.5825607698895089
314,0.5971954479981592
315,0.6122620218040578
316,0.6275170616276571
317,0.6433115467721959
318,0.6592135101538618
319,0.6757642727903556
320,0.6923441601320229
321,0.7096770934484831
322,0.7270438439114361
323,0.7451089238950102
324,0.7632926475864644
325,0.7821515751720909
326,0.8012227028382107
327,0.820827234398212
328,0.8408200256410014
329,0.8612013064312632
330,0.8821509968567519
331,0.9033415284553569
332,0.9252843475802358
333,0.9473180347743465
334,0.97029122412364
335,0.9933048398495152
336,1.0172452540006538
337,1.0413293922496027
338,1.066222612901496
339,1.0914166633299596
340,1.1173698853344631
341,1.1438255360753082
342,1.1706507706884017
343,1.1984180967516114
344,1.2262342855286288
345,1.2552774383759722
346,1.284459249924919
347,1.3144896331494196
348,1.3450902112348815
349,1.3761438225338867
350,1.4082178441167383
351,1.4403483069906797
352,1.4739360131964974
353,1.5075988505035565
354,1.542383866286738
355,1.5776975543750191
356,1.6135813075553824
357,1.6506093816734835
358,1.6877026148268763
359,1.7264381793824373
360,1.7653142582681864
361,1.8052914473053516
362,1.8460176433507725
363,1.8872804450748522
364,1.9299258913454707
365,1.9726463816522
366,2.0171560255209284
367,2.0618702964455506
368,2.1078290820343675
369,2.1546102186556997
370,2.202070222617759
371,2.2509932760267506
372,2.3000088490581057
373,2.351150870625777
374,2.4023828878210116
375,2.4552187953997757
376,2.5087529108884348
377,2.5633373525233516
378,2.6192548649889713
379,2.6756514735353925
380,2.734035790156734
381,2.7925228468153036
382,2.853247513183174
383,2.9142914165703693
384,2.977046771707953
385,3.0407354072148913
386,3.105595340024304
387,3.172018812699841
388,3.2390601564823283
389,3.3083108272675226
390,3.3776833598279485
391,3.449785975256248
392,3.5220855012925005
393,3.596624242544775
394,3.6719479161654442
395,3.7490112097064197
396,3.8274585561645194
397,3.9071381869562862
398,3.988811140269936
399,4.071202350871347
400,4.156205291737294
401,4.241406882878659
402,4.329846676881264
403,4.418442100137974
404,4.509979679133201
405,4.60216586826072
406,4.69677866701849
407,4.792670212074933
408,4.89046815433922
409,4.990182317969182
410,5.091385777287321
411,5.195359110424454
412,5.299515407490964
413,5.407883336744953
414,5.516449089086036
415,5.627998003178054
416,5.74111946150025
417,5.855953705673206
418,5.9737806323413745
419,6.092008821324094
420,6.214694542487065
421,6.337596156137657
422,6.46413116026152
423,6.592057337044111
424,6.722368678001695
425,6.8554803118021095
426,6.989693710996057
427,7.128155424176276
428,7.266860791168258
429,7.410381695597385
430,7.554615257209556
431,7.702520131212463
432,7.852536389075187
433,8.004794082116625
434,8.16077879554985
435,8.317573693397788
436,8.480281649983837
437,8.643275926973972
438,8.810356945646289
439,8.980312153319106
440,9.15133107885704
441,9.328478489721554
442,9.505937630382295
443,9.68811720148087
444,9.873018384880575
445,10.05958129118868
446,10.252167283086333
447,10.445092172355302
448,10.64413543531446
449,10.845521098991705
450,11.048396077010569
451,11.258530358055292
452,11.469034416541309
453,11.684485564878953
454,11.90404901117902
455,12.123998827608034
456,12.352689386490583
457,12.58201757227711
458,12.815520358545422
459,13.054951807333834
460,13.294804588366258
461,13.54215073297625
462,13.792473837165693
463,14.044001531301667
464,14.3051530548195
465,14.566764131824288
466,14.83325040362384
467,15.106076657647307
468,15.379383009410576
469,15.662145895867544
470,15.947747795421725
471,16.233910283585093
472,16.53223783073091
473,16.83109035074384
474,17.133251519585233
475,17.445293757262103
476,17.757885101816626
477,18.076884770857074
478,18.40314250518319
479,18.729974361675875
480,19.06668794962583
481,19.40767570315665
482,19.74926349955836
483,20.10460304648873
484,20.46084931822611
485,20.821243708549147
486,21.192637687931352
487,21.564685216617857
488,21.945142969772128
489,22.332866715411345
490,22.721272746165365
491,23.12280925763132
492,23.527433786226663
493,23.93507178581101
494,24.356441644680604
495,24.778552996391596
496,25.208884762853483
497,25.648311010784287
498,26.088510525738915
499,26.542663233660928
500,27.000761707113362
501,27.462247118841177
502,27.938810871500284
503,28.41621324277971
504,28.90332753248332
505,29.399807930246304
506,29.89716199434097
507,30.41115288896102
508,30.928212973296837
509,31.450971271964104
510,31.98834513521382
511,32.52666462582922
512,33.07831636174975
513,33.63760775817053
514,34.19890650386232
515,34.779805932162226
516,35.361727580618926
517,35.954075494266384
518,36.558294409773005
519,37.16357658119553
520,37.789400236559416
521,38.41877054920065
522,39.053602955624875
523,39.707787435186034
524,40.363123096046436
525,41.03149815798945
526,41.71243397252885
527,42.394568043216005
528,43.09809438708175
529,43.80663250531572
530,44.52104589395199
531,45.25676229665873
532,45.99377335398853
533,46.74594344889052
534,47.51097181098635
535,48.277346408534555
536,49.07195125576476
537,49.870374452529056
538,50.67020265029087
539,51.501500080249
540,52.33445306314605
541,53.17151683533389
542,54.03863653612539
543,54.90728212449921
544,55.78359724194172
545,56.68753588305957
546,57.593065202770305
547,58.51052950575991
548,59.452504818915564
549,60.39613774454094
550,61.35672543660462
551,62.33798429716413
552,63.32096989822076
553,64.32673349375035
554,65.34855237031202
555,66.37216936162501
556,67.42524165135221
557,68.48892705953541
558,69.55448425582534
559,70.65708029008965
560,71.76396925061695
561,72.87778730230978
562,74.02722511514133
563,75.17868561626473
564,76.34547207838817
565,77.5408001005412
566,78.73823156488537
567,79.96043341454042
568,81.20308046002584
569,82.44791421591289
570,83.72806843695544
571,85.01949564446755
572,86.31458661159607
573,87.65393105345039
574,88.99563236600699
575,90.35268021690574
576,91.74373499975275
577,93.13723764899994
578,94.559033521623
579,96.00335691268843
580,97.45022190796472
581,98.94141340874384
582,100.44267272960053
583,101.94815685797873
584,103.50537925262215
585,105.06534192206055
586,106.63984342772092
587,108.25747151138627
588,109.87794616691768
589,111.52454030263698
590,113.20442139918252
591,114.8872586154371
592,116.60913090061558
593,118.35315492637208
594,120.10024794540274
595,121.90069679623217
596,123.71079700185054
597,125.53166736736999
598,127.40652187469
599,129.284675600238
600,131.1892894237392
601,133.13409655222304
602,135.08232599592802
603,137.07429810855297
604,139.09112206497866
605,141.111495066043
606,143.1945634806264
607,145.28551482845654
608,147.39474495851388
609,149.55817439952875
610,151.7254108697152
611,153.93285324012405
612,156.17690275439287
613,158.4249011665483
614,160.73018821518542
615,163.05719458187235
616,165.38829582723628
617,167.79562665585343
618,170.20797634326593
619,172.6425481719731
620,175.1382862836508
621,177.63841619454917
622,180.1816823874077
623,182.7675302459923
624,185.3579284716746
625,188.01447845377442
626,190.6929716419664
627,193.38189703586568
628,196.1507513648303
629,198.92447810094663
630,201.73401690719803
631,204.60057449187795
632,207.472176414031
633,210.41131440791946
634,213.38406823536405
635,216.36205327587933
636,219.42336618189853
637,222.50535076093414
638,225.59275876852095
639,228.7814453836182
640,231.975758533485
641,235.19508214927714
642,238.51003759285572
643,241.83082642835456
644,245.1646508873772
645,248.60972915088573
646,252.06086978597435
647,255.51808346071277
648,259.0933289436053
649,262.67878565414435
650,266.27055176294544
651,269.9740195221717
652,273.6978462568182
653,277.4282258821507
654,281.26536507696744
655,285.13170698708075
656,289.00485257460576
657,292.9813195255285
658,296.99441451891556
659,301.0145714339696
660,305.1362347219684
661,309.30041504096937
662,313.47192314942305
663,317.74486879038443
664,322.0645626148124
665,326.3918578888313
666,330.82239458487635
667,335.3021276601823
668,339.7897438092585
669,344.3844082785683
670,349.02880556961316
671,353.68137569724814
672,358.45644794811693
673,363.2833768469671
674,368.11879978682504
675,373.0432749099882
676,378.05818008886087
677,383.0819100942531
678,388.16228619991284
679,393.37072558756046
680,398.5883303676326
681,403.8313833951488
682,409.23902963482027
683,414.65619181508265
684,420.08288668131524
685,425.68162424962316
686,431.304142839578
687,436.936555485164
688,442.71756695937137
689,448.5513588321977
690,454.39541654235217
691,460.36645064068875
692,466.4175520252601
693,472.4793016509223
694,478.64841342005843
695,484.92298140548127
696,491.2085908705059
697,497.5841486344562
698,504.0884626873727
699,510.6042225085024
700,517.1949148522236
701,523.935378346962
702,530.6877031666651
703,537.5025459541658
704,544.4856877159458
705,551.4811178483401
706,558.5294612751685
707,565.7619371364941
708,573.007140126479
709,580.2986758064634
710,587.7872701768408
711,595.2890423725802
712,602.8338104586954
713,610.5854379078326
714,618.3507060467343
715,626.1591023860263
716,634.18080924069
717,642.2166320490768
718,650.2994153715994
719,658.5983813262211
720,666.9119511327696
721,675.2802502744548
722,683.8637900156565
723,692.4624343787849
724,701.1277555382428
725,710.0033203834618
726,718.8945037328332
727,727.868737762089
728,737.0439173123935
729,746.2352426046399
730,755.5306723337833
731,765.0131961410622
732,774.5124065299129
733,784.1417141257192
734,793.939453374356
735,803.7544338952706
736,813.7470199390118
737,823.8987290997788
738,834.0683024205241
739,844.3579946606985
740,854.8734771061175
741,865.4074638503934
742,876.0062132320752
743,886.8954712688663
744,897.8038913446429
745,908.7315071792044
746,919.9973378014407
747,931.2904133800092
748,942.6033616030785
749,954.2125715885594
750,965.9007301030548
751,977.6094564971253
752,989.5755527069409
753,1001.6694298881079
754,1013.7845888998216
755,1026.142484338148
756,1038.6897209323697
757,1051.2590371424496
758,1063.9098216806906
759,1076.923523140868
760,1089.9601250641304
761,1103.0196677488511
762,1116.4222161072094
763,1129.9579194049848
764,1143.5174417425383
765,1157.194037527103
766,1171.2430008097767
767,1185.3166863257288
768,1199.4151375791305
769,1213.8559478120517
770,1228.4582526930446
771,1243.086253533184
772,1257.8385216826068
773,1272.98417798024
774,1288.156486382985
775,1303.3554937910435
776,1318.9377073079293
777,1334.6693608265214
778,1350.4286976408123
779,1366.3633159220292
780,1382.6696349419747
781,1399.0046485075734
782,1415.3684071131502
783,1432.203322454379
784,1449.129646735272
785,1466.0857565969964
786,1483.3177151013708
787,1500.8512739983983
788,1518.4156870387021
789,1536.0614050989502
790,1554.2184157969089
791,1572.4073777382805
792,1590.6283471482586
793,1609.2812840523065
794,1628.1113378000166
795,1646.9745271579227
796,1666.0914398058565
797,1685.5794288606999
798,1705.1017113071553
799,1724.7018160198634
800,1744.864887921316
801,1765.0634411706465
802,1785.2975382050417
803,1806.0223502832223
804,1826.9146601033947
805,1847.8437345254017
806,1869.1078725898756
807,1890.7117363136394
808,1912.353616774309
809,1934.1789559753556
810,1956.512486042745
811,1978.8853168549285
812,2001.297517570149
813,2024.3761968534218
814,2047.4984415725542
815,2070.6613749527705
816,2094.3636510274155
817,2118.2540960644337
818,2142.1865815793794
819,2166.5371490738503
820,2191.214907340835
821,2215.9360915359453
822,2240.960533349782
823,2266.445047938511
824,2291.9744081199365
825,2317.6992117940313
826,2344.0102596879155
827,2370.3676076409993
828,2396.8201817759264
829,2423.977877595722
830,2451.183363337306
831,2478.436723097485
832,2506.4168538439126
833,2534.4909694086705
834,2562.6144875365726
835,2591.397781906945
836,2620.3613651684723
837,2649.3759162064785
838,2679.006095375731
839,2708.898432547275
840,2738.8433718413376
841,2769.2988511609174
842,2800.1421933566266
843,2831.0398111766026
844,2862.3524633152556
845,2894.1694330950304
846,2926.042391810175
847,2958.245139565032
848,2991.0587350434466
849,3023.9300732385345
850,3057.056907197662
851,3090.8905061783935
852,3124.7836427954635
853,3158.8696390561677
854,3193.7470032010956
855,3228.6857417158794
856,3263.767079661599
857,3299.7123586948724
858,3335.7208913282366
859,3371.834871464281
860,3408.8726074116626
861,3445.9755193764313
862,3483.1605812249722
863,3521.3157126888177
864,3559.5379864722768
865,3597.8346366399724
866,3637.2704988239775
867,3676.775757053923
868,3716.3505334472966
869,3756.636761637568
870,3797.4570969002593
871,3838.349264492552
872,3879.512338639513
873,3921.6803921894884
874,3963.922649674667
875,4006.2392416730745
876,4049.546545013024
877,4093.17214665619
878,4136.8745171096925
879,4181.159013262407
880,4226.201774811974
881,4271.323798975201
882,4316.623850571141
883,4363.118155217623
884,4409.69427678582
885,4456.352359250477
886,4504.030550765681
887,4552.095787892098
888,4600.245606339997
889,4649.05090641132
890,4698.640857773019
891,4748.318073524888
892,4798.293889548738
893,4849.4447404619805
894,4900.685602510071
895,4952.016634087238
896,5004.646117803053
897,5057.510598780304
898,5110.468106399778
899,5164.3338033404425
900,5218.861772254814
901,5273.485695082774
902,5328.630803289522
903,5384.862855066759
904,5441.193859464619
905,5497.663128043423
906,5555.6405928873355
907,5613.720081788434
908,5671.901774280311
909,5731.4309596103985
910,5791.439356749415
911,5851.553351815723
912,5912.154117771023
913,5974.138851258676
914,6036.232660470278
915,6098.435737348342
916,6161.957912367832
917,6226.079837718844
918,6290.314599650837
919,6355.039485639879
920,6421.2386277267615
921,6487.5542617123665
922,6553.986592589602
923,6621.85643760471
924,6690.302938827979
925,6758.869886670403
926,6828.084393768681
927,6898.712573837698
928,6969.465039667534
929,7040.342009966102
930,7112.948198756382
931,7185.94877748199
932,7259.0778167232265
933,7333.150911513784
934,7408.452125251318
935,7483.885847975539
936,7559.484895284223
937,7637.140096374123
938,7714.931948806877
939,7792.860693050304
940,7872.181672263852
941,7952.385940559827
942,8032.731345840374
943,8113.749857650116
944,8196.42167620205
945,8279.238973933456
946,8362.202006846675
947,8447.21709577861
948,8532.562375498122
949,8618.057838937188
950,8704.95428196605
951,8792.884499797696
952,8880.969450113369
953,8969.861712665599
954,9060.585319391537
955,9151.468574180799
956,9242.51175796895
957,9335.553810100595
958,9429.306534256657
959,9523.22423687111
960,9617.979314140457
961,9714.674581408275
962,9811.540005183218
963,9908.575884892756
964,10007.767808824645
965,10107.656176897246
966,10207.720320436627
967,10308.785109106684
968,10411.773784855279
969,10514.943691740596
970,10618.295148678328
971,10724.097732104738
972,10830.453177764206
973,10936.995779128778
974,11044.83672281822
975,11154.459904237307
976,11264.275991657742
977,11374.285324539678
978,11487.173230039241
979,11600.341914973269
980,11713.709744997846
981,11828.815869132502
982,11945.412439148913
983,12062.214186369849
984,12179.625274271342
985,12299.726163458075
986,12420.03839646581
987,12540.562345200036
988,12663.52720893569
989,12787.427655962083
990,12911.546132962743
991,13037.065291340268
992,13164.63285144575
993,13292.424894613348
994,13420.599998438684
995,13551.998645397576
996,13683.628517054181
997,13815.490020298772
998,13949.652925834
999,14085.225792383411
1000,14221.037229083018
1001,14357.841396593081
1002,14497.466775273579
1003,14637.33785538604
1004,14777.455069295642
1005,14920.604173433354
1006,15064.6493502795
1007,15208.948006159215
1008,15354.892737475668
1009,15503.231640665044
1010,15651.831578638892
1011,15800.693010744728
1012,15953.346402342722
1013,16106.373136966135
1014,16259.669155638727
1015,16415.256124010786
1016,16572.841397082662
1017,16730.7039759493
1018,16889.222905604853
1019,17051.505312703535
1020,17214.07329123179
1021,17376.92734371473
1022,17542.625345914363
1023,17710.033818709617
1024,17877.736883368027
1025,18046.475627979933
1026,18218.831157832687
1027,18391.489984977557
1028,18564.452643132183
1029,18740.796712509193
1030,18918.519739363583
1031,19096.555508794765
1032,19276.269337132213
1033,19459.166710488884
1034,19642.385931816683
1035,19825.927567477192
1036,20013.779038448494
1037,20202.293787982228
1038,20391.140270488675
1039,20582.712543662106
1040,20776.636656955015
1041,20970.90202217913
1042,21166.330832328782
1043,21365.779928189157
1044,21565.579998395726
1045,21765.73166056427
1046,21970.096908169606
1047,22175.549316538298
1048,22381.36326339391
1049,22590.142803057523
1050,22801.70232802237
1051,23013.634138281246
1052,23225.93888895113
1053,23443.768155296577
1054,23662.069000976822
1055,23880.753994778574
1056,24101.906757145058
1057,24326.71288085486
1058,24551.914600145272
1059,24777.51261115279
1060,25007.988955926074
1061,25239.84577860797
1062,25472.110604116457
1063,25706.426184379736
1064,25945.424679777694
1065,26184.843745336824
1066,26424.684121141854
1067,26668.23323017777
1068,26914.969992701685
1069,27162.140942559137
1070,27409.746843797202
1071,27662.931864224618
1072,27917.599790783755
1073,28172.71586129295
1074,28429.18267728865
1075,28691.516672851678
1076,28954.312302488976
1077,29217.570378546126
1078,29484.35859733139
1079,29755.005901950462
1080,30026.129469727795
1081,30297.73013875205
1082,30575.27760010062
1083,30854.441841066822
1084,31134.09733260192
1085,31415.619717424415
1086,31703.00260801773
1087,31990.891211690338
1088,32279.28641835427
1089,32572.318474308595
1090,32868.621312204996
1091,33165.44555977684
1092,33462.90790942628
1093,33767.808968950136
1094,34073.24656859956
1095,34379.221652533546
1096,34688.98749463118
1097,35003.22566108926
1098,35318.01679835241
1099,35633.36187949296
1100,35955.93124571069
1101,36279.72892269834
1102,36604.09639253814
1103,36931.92410575362
1104,37264.92178491587
1105,37598.50544634436
1106,37932.67612120227
1107,38274.25328187874
1108,38617.34253634642
1109,38961.03553141137
1110,39308.13671556249
1111,39660.92970345081
1112,40014.34350777544
1113,40368.37922099787
1114,40729.87986528997
1115,41093.21573483904
1116,41457.19097332729
1117,41824.838193019576
1118,42198.35123042562
1119,42572.52154572109
1120,42947.350295529155
1121,43330.517853703466
1122,43715.365736677355
1123,44100.8908436768
1124,44489.85707258736
1125,44885.618464904954
1126,45282.07628595188
1127,45679.231761245705
1128,46083.93506565982
1129,46491.567011881045
1130,46899.916275663236
1131,47310.98326649986
1132,47730.03603999054
1133,48149.826228482256
1134,48570.35512961692
1135,48998.168962632546
1136,49429.652771666115
1137,49861.895870821885
1138,50296.6638598652
1139,50740.09982908051
1140,51184.31612085405
1141,51629.31410833288
1142,52081.88400164649
1143,52538.33864715054
1144,52995.596524415916
1145,53455.734432629186
1146,53924.69910282188
1147,54394.489018896275
1148,54865.10563305143
1149,55344.14587894955
1150,55826.74688264467
1151,56310.19712832654
1152,56797.439904177445
1153,57293.138361203004
1154,57789.709108044386
1155,58287.15367968496
1156,58794.444434120676
1157,59304.43034268212
1158,59815.31368294878
1159,60331.45852281188
1160,60855.16255429675
1161,61379.788157518924
1162,61905.33695418387
1163,62442.72009191793
1164,62981.40033292962
1165,63521.028499587424
1166,64067.9295075738
1167,64620.986268451634
1168,65175.01625360063
1169,65731.62901019264
1170,66299.39437632241
1171,66868.158849725
1172,67437.92418854617
1173,68017.48480355507
1174,68601.32743198895
1175,69186.19745914623
1176,69776.12863843123
1177,70375.40495028616
1178,70975.7358197992
1179,71577.12310269338
1180,72191.2852499617
1181,72807.44596546308
1182,73424.69095041444
1183,74049.87190431851
1184,74682.24540110862
1185,75315.73169727532
1186,75952.07672536177
1187,76601.0610835634
1188,77251.18747157694
1189,77902.45789905182
1190,78564.82767871987
1191,79232.00947620183
1192,79900.36532585966
1193,80574.48533375711
1194,81259.15593318612
1195,81945.03136015419
1196,82632.11373481617
1197,83333.58944151738
1198,84037.43844684308
1199,84742.52602829528
1200,85456.27358959905
1201,86178.57198889478
1202,86902.14143005117
1203,87628.16861879516
1204,88369.41627663026
1205,89111.96832168037
1206,89855.82704929766
1207,90610.94924893862
1208,91373.01128119152
1209,92136.41432808993
1210,92904.13575528914
1211,93686.26470626173
1212,94469.76998400055
1213,95254.65401045085
1214,96052.70456936673
1215,96856.90292795424
1216,97662.51644924274
1217,98473.44387957867
1218,99299.7230758456
1219,100127.45629086398
1220,100956.64608329465
1221,101797.19396842436
1222,102647.515449009
1223,103499.33325598574
1224,104352.6500224654
1225,105223.94337727973
1226,106098.86881038467
1227,106975.33386590047
1228,107858.00978903002
1229,108756.5332184583
1230,109656.63779611822
1231,110558.32630438206
1232,111473.62723129934
1233,112397.87394041217
1234,113323.74706347412
1235,114251.47123808156
1236,115200.37472399072
1237,116150.94801282394
1238,117103.19404296172
1239,118065.4921595206
1240,119041.29395188276
1241,120018.81288060152
1242,120998.05196735048
1243,121996.16920884822
1244,122999.50392074266
1245,124004.60421916583
1246,125016.97667791348
1247,126046.68456891095
1248,127078.20445579519
1249,128111.53952716525
1250,129161.79061655542
1251,130220.30399865897
1252,131280.68006618717
1253,132346.27492854063
1254,133432.3723452993
1255,134520.38098760427
1256,135610.30421867082
1257,136715.89569289694
1258,137832.14637912114
1259,138950.36135213904
1260,140072.37512938335
1261,141217.49658793805
1262,142364.6331377024
1263,143513.7883246651
1264,144677.96616554406
1265,145854.67495033468
1266,147033.45441111588
1267,148215.10133858767
1268,149422.05555136836
1269,150631.13366356114
1270,151842.3394126268
1271,153068.35266319953
1272,154308.42535101747
1273,155550.6802174175
1274,156795.1570098427
1275,158066.93756212044
1276,159340.95608987572
1277,160617.21653131105
1278,161908.30547611098
1279,163214.82809219116
1280,164523.64981997607
1281,165834.7747052504
1282,167174.0137847444
1283,168516.21559588637
1284,169860.77930404578
1285,171220.09880712634
1286,172596.50486321372
1287,173975.33300613833
1288,175356.58749808636
1289,176766.19037834462
1290,178180.14718289897
1291,179596.59215300868
1292,181026.92783675823
1293,182476.9201541628
1294,183929.46404945647
1295,185384.56401269132
1296,186867.32615772364
1297,188356.9247048341
1298,189849.14452561596
1299,191353.0013299066
1300,192880.66277510943
1301,194411.01247394225
1302,195944.05515696885
1303,197502.31697375525
1304,199071.86520920205
1305,200644.17540720347
1306,202223.4541835067
1307,203833.33519516565
1308,205446.0491436811
1309,207061.60101421791
1310,208696.96296910392
1311,210351.29064493888
1312,212008.52947120956
1313,213668.68457071384
1314,215362.12203222612
1315,217063.18070834133
1316,218767.23276825622
1317,220477.84397911938
1318,222223.63638450956
1319,223972.50089243535
1320,225724.44290892512
1321,227492.11567620272
1322,229286.73220372267
1323,231084.5067504455
1324,232885.44487358755
1325,234712.18970430322
1326,236556.7638607338
1327,238404.58394768383
1328,240255.65567706927
1329,242143.52106162766
1330,244039.21972037776
1331,245938.25427433202
1332,247847.09896042274
1333,249791.7027743707
1334,251739.72854278673
1335,253691.18228733822
1336,255664.3948848784
1337,257662.4726903109
1338,259664.06654933066
1339,261669.18264919333
1340,263708.88911750313
1341,265761.72096590407
1342,267818.1652195394
1343,269881.3818991606
1344,271986.58782052057
1345,274095.4983106918
1346,276208.1198886627
1347,278341.10658710427
1348,280503.66307547485
1349,282670.02505345014
1350,284840.1992176114
1351,287045.1325653887
1352,289266.462372456
1353,291491.7010935619
1354,293722.36110368615
1355,295999.93609396374
1356,298281.518973914
1357,300567.1167962842
1358,302872.9236166228
1359,305212.1851830133
1360,307555.5631900185
1361,309903.06488140346
1362,312286.19541474036
1363,314688.7510888989
1364,317095.5345834125
1365,319506.5533380436
1366,321969.18829403183
1367,324436.7206120274
1368,326908.59509090625
1369,329399.3123299978
1370,331929.1348359139
1371,334463.4091158455
1372,337002.1430036477
1373,339575.19990109326
1374,342173.5008681415
1375,344776.3741119375
1376,347383.82767838956
1377,350041.26313234185
1378,352709.99803008017
1379,355383.4291483747
1380,358068.89224666305
1381,360804.99874174676
1382,363545.9200123589
1383,366291.6645311337
1384,369064.05691163585
1385,371873.62490878504
1386,374688.13695293496
1387,377507.60174420354
1388,380371.65190888516
1389,383258.0765837185
1390,386149.5805515753
1391,389046.1727505647
1392,391999.94250191347
1393,394965.71629545715
1394,397936.7090140357
1395,400915.19598260877
1396,403957.13042983477
1397,407004.4178233183
1398,410057.06758272205
1399,413126.2064218414
1400,416251.16482232197
1401,419381.6222677378
1402,422517.58843484294
1403,425680.9140202821
1404,428890.5742058828
1405,432105.8824876045
1406,435326.848804489
1407,438587.9822633214
1408,441884.04664991866
1409,445185.9111795903
1410,448493.5860589369
1411,451856.23557904875
1412,455240.43146465207
1413,458630.58257983654
1414,462026.6994041125
1415,465494.66105212417
1416,468968.7409189885
1417,472448.9341858128
1418,475953.29814967985
1419,479514.1642992272
1420,483081.2965680479
1421,486654.705982729
1422,490267.43772837165
1423,493922.9804722968
1424,497584.95593951456
1425,501253.3754497852
1426,504978.6519735458
1427,508730.682397593
1428,512489.3153359446
1429,516254.5624071468
1430,520096.65229140985
1431,523947.00514510425
1432,527804.1335327554
1433,531687.7189259465
1434,535631.3132406466
1435,539581.8471678982
1436,543539.332919441
1437,547547.19480358
1438,551592.6736751338
1439,555645.2714472192
1440,559705.0006470735
1441,563841.6706816631
1442,567990.9378939768
1443,572147.5066449239
1444,576336.93672504
1445,580594.4195321284
1446,584859.3943066819
1447,589131.8742324256
1448,593431.6012195959
1449,597807.6765546832
1450,602191.4525465141
1451,606582.9427460514
1452,610995.1575743255
1453,615492.7790275658
1454,619998.3150243112
1455,624511.7794918992
1456,629039.3869462259
1457,633661.046784243
1458,638290.8394382037
1459,642928.7792195472
1460,647576.4797193934
1461,652324.7151974661
1462,657081.3062287712
1463,661846.2675166981
1464,666619.6137905126
1465,671496.2552430292
1466,676382.2332150555
1467,681276.8091280815
1468,686179.9981120303
1469,691188.3782063046
1470,696206.380461557
1471,701233.2129831559
1472,706270.3774585555
1473,711414.040838572
1474,716566.7556129417
1475,721728.537709539
1476,726905.5751320336
1477,732186.4510179542
1478,737476.6197533741
1479,742776.0976910547
1480,748098.1933157217
1481,753519.0739753896
1482,758949.4938532963
1483,764389.4697357451
1484,769861.9030349173
1485,775425.6391524281
1486,780999.1658733118
1487,786582.500426234
1488,792210.6440401141
1489,797920.1477645818
1490,803639.6986021069
1491,809369.3142327422
1492,815158.6328510403
1493,821016.8811516458
1494,826885.4383136147
1495,832764.3224775963
1496,838720.3716406927
1497,844730.4100044201
1498,850751.0243370025
1499,856782.2332491269
1500,862910.6580523613
1501,869075.6045657638
1502,875251.3996424609
1503,881438.0623728228
1504,887744.5759890111
1505,894067.6047563327
1506,900401.7602669045
1507,906764.5077041631
1508,913237.1434724208
1509,919721.1692498615
1510,926216.6050796504
1511,932767.5138327789
1512,939403.8095527114
1513,946051.7832769417
1514,952711.4555554214
1515,959458.1067368387
1516,966262.2884235654
1517,973078.4435462882
1518,979906.5931748371
1519,986852.5133604682
1520,993828.1334536964
1521,1000816.028665901
1522,1007829.3109572633
1523,1014967.4688183405
1524,1022118.187818795
1525,1029281.4900626447
1526,1036503.3800671927
1527,1043820.0997031617
1528,1051149.6946965898
1529,1058492.1877044262
1530,1065928.766898076
1531,1073427.944668151
1532,1080940.3188702425
1533,1088465.9127263029
1534,1096123.3080842942
1535,1103808.9769487965
1536,1111508.1704167393
1537,1119246.7144860255
1538,1127133.7123003318
1539,1135034.5889999648
1540,1142949.369007791
1541,1150878.0767896604
1542,1158947.0154017317
1543,1167067.2914189443
1544,1175201.8568249196
1545,1183350.736764895
1546,1191583.5023172165
1547,1199927.4191963521
1548,1208286.0190087224
1549,1216659.327592092
1550,1225063.8300338415
1551,1233635.679740393
1552,1242222.613477289
1553,1250824.6577881093
1554,1259441.839263141
1555,1268213.1543139433
1556,1277032.7723590713
1557,1285867.9104364798
1558,1294718.5958569886
1559,1303681.299433124
1560,1312738.0033945772
1561,1321810.644592241
1562,1330899.2510710908
1563,1340061.9482423018
1564,1349360.1913145166
1565,1358674.7966632224
1566,1368005.7930813455
1567,1377377.3154474304
1568,1386921.6295808118
1569,1396482.7390059025
1570,1406060.6732776077
1571,1415655.4620028464
1572,1425444.9223322915
1573,1435257.1018606275
1574,1445086.5480476841
1575,1454933.2912778333
1576,1464953.095514858
1577,1475020.9639314786
1578,1485106.5489466612
1579,1495209.8817365486
1580,1505474.214336824
1581,1515808.805861087
1582,1526161.5833408465
1583,1536532.5787781705
1584,1547025.8182087233
1585,1557632.230428438
1586,1568257.3069308766
1587,1578901.0805598358
1588,1589632.4978188705
1589,1600515.89793693
1590,1611418.4497577483
1591,1622340.186982828
1592,1633319.2753319493
1593,1644484.9009837394
1594,1655670.1749750543
1595,1666875.1318813453
1596,1678111.6083673579
1597,1689564.7684459947
1598,1701038.082843062
1599,1712531.587024382
1600,1724045.3165181915
1601,1735781.4695175523
1602,1747548.2147749711
1603,1759335.6661715866
1604,1771143.8601442627
1605,1783161.4178007366
1606,1795227.0574382804
1607,1807313.9291841837
1608,1819422.0704008767
1609,1831731.4754533619
1610,1844101.546911654
1611,1856493.3861917926
1612,1868907.0315988981
1613,1881518.9573920222
1614,1894199.0728979667
1615,1906901.5018151463
1616,1919626.2834087699
1617,1932551.6355516054
1618,1945547.4829936842
1619,1958566.199445454
1620,1971607.8251498044
1621,1984857.743202016
1622,1998175.0870155338
1623,2011515.865580939
1624,2024880.1201366745
1625,2038465.9793223988
1626,2052110.6613845038
1627,2065779.3542207365
1628,2079472.100083163
1629,2093405.5130330368
1630,2107383.453567689
1631,2121385.9913165914
1632,2135413.9618254737
1633,2149712.9596077725
1634,2164037.1195738344
1635,2178386.486001881
1636,2192761.5198287563
1637,2207412.136176733
1638,2222088.5334571297
1639,2236790.7570369793
1640,2251525.8198081115
1641,2266534.1295394576
1642,2281568.8496418144
1643,2296630.0265898565
1644,2311738.343247804
1645,2327110.48924178
1646,2342509.6858550664
1647,2357935.9806889794
1648,2373431.035521091
1649,2389173.229278588
1650,2404943.124834152
1651,2420740.770934993
1652,2436636.307595866
1653,2452754.829805613
1654,2468901.716044395
1655,2485077.0162247517
1656,2501387.037755648
1657,2517888.238866485
1658,2534418.4774122867
1659,2550977.8044906016
1660,2567716.5733365673
1661,2584606.874135897
1662,2601526.897074871
1663,2618476.694455907
1664,2635658.732481739
1665,2652944.6246805205
1666,2670260.9351471676
1667,2687607.7174090883
1668,2705247.8059150716
1669,2722935.852738964
1670,2740655.0255083353
1671,2758453.511306431
1672,2776518.5587343094
1673,2794615.39552143
1674,2812744.0776079274
1675,2831026.4166535977
1676,2849506.2322257278
1677,2868018.567030882
1678,2886563.4782935684
1679,2905345.192514542
1680,2924246.545700888
1681,2943181.1599063664
1682,2962150.18528186
1683,2981445.9642712018
1684,3000775.6983567844
1685,3020139.44728981
1686,3039635.02549683
1687,3059365.3384525822
1688,3079130.3711605216
1689,3098930.1847174265
1690,3118973.4530548374
1691,3139152.5143954055
1692,3159367.08515742
1693,3179617.2278272463
1694,3200211.235798671
1695,3220854.9197613816
1696,3241534.9307489237
1697,3262304.691074933
1698,3283383.441559861
1699,3304499.284662785
1700,3325652.2856560247
1701,3346976.1477957005
1702,3368543.5037366077
1703,3390148.8121018084
1704,3411792.13967665
1705,3433658.7488293746
1706,3455722.6058045453
1707,3477825.288904272
1708,3499966.8664513435
1709,3522394.284636968
1710,3544962.638571218
1711,3567570.7064007935
1712,3590218.5580107165
1713,3613225.1080416013
1714,3636306.058309031
1715,3659427.624495139
1716,3682633.8495782954
1717,3706194.1429367946
1718,3729795.895721186
1719,3753439.1808881043
1720,3777256.411063243
1721,3801344.8941144776
1722,3825475.766054765
1723,3849649.101476336
1724,3874096.36936414
1725,3898721.4583518133
1726,3923389.8805018724
1727,3948101.7120681736
1728,3973198.3072266085
1729,3998368.5369069013
1730,4023583.059041604
1731,4048928.580412432
1732,4074607.4212688436
1733,4100331.449590283
1734,4126100.744893665
1735,4152129.099904676
1736,4178369.5373940337
1737,4204656.150598168
1738,4230989.020773013
1739,4257720.189574944
1740,4284531.128128358
1741,4311389.2463155165
1742,4338406.479428822
1743,4365748.848370446
1744,4393139.332111678
1745,4420578.015320678
1746,4448332.686215044
1747,4476262.756611267
1748,4504241.975993785
1749,4532306.2123790225
1750,4560783.200459855
1751,4589310.299946018
1752,4617887.599019125
1753,4646724.538096795
1754,4675806.978755217
1755,4704940.596242533
1756,4734125.480615179
1757,4763756.1961800065
1758,4793453.731359099
1759,4823203.525757663
1760,4853182.318512145
1761,4883451.504259817
1762,4913773.955168742
1763,4944149.764970227
1764,4974958.595906943
1765,5005861.593053497
1766,5036818.9706882015
1767,5067999.85701707
1768,5099491.443753479
1769,5131038.446727599
1770,5162640.963455998
1771,5194688.679915138
1772,5226833.53111808
1773,5259034.948117401
1774,5291478.628861109
1775,5324229.729268708
1776,5357038.462298084
1777,5389904.929365986
1778,5423252.699522063
1779,5456677.35682807
1780,5490160.832023335
1781,5523928.23622851
1782,5557977.634160346
1783,5592086.9493463915
1784,5626282.249787051
1785,5660965.430127138
1786,5695709.642997331
1787,5730514.995797254
1788,5765666.992192322
1789,5801055.405565903
1790,5836506.092477935
1791,5872108.653379631
1792,5908150.836680182
1793,5944256.443967335
1794,5980425.586848953
1795,6017022.61405577
1796,6053793.019043341
1797,6090628.1294792285
1798,6127733.042277444
1799,6165279.381472626
1800,6202891.791538561
1801,6240570.38874086
1802,6278449.558385743
1803,6316849.08578045
1804,6355316.185413003
1805,6393850.976190992
1806,6432533.092937861
1807,6471798.5744466875
1808,6511133.152024773
1809,6550536.947261204
1810,6590051.154842062
1811,6630195.460611139
1812,6670410.408928607
1813,6710696.124104894
1814,6751072.014352247
1815,6792108.119275585
1816,6833216.436058505
1817,6874397.091772961
1818,6915664.699239986
1819,6957605.683480917
1820,6999620.471909891
1821,7041709.194400906
1822,7083898.990987912
1823,7126758.040505522
1824,7169692.509743118
1825,7212702.531417546
1826,7255845.421006413
1827,7299635.828088251
1828,7343503.293812565
1829,7387447.953780228
1830,7431575.266880077
1831,7476310.430680358
1832,7521124.315624229
1833,7566017.060238081
1834,7611160.54864345
1835,7656853.975727386
1836,7702627.810223643
1837,7748482.193625958
1838,7794674.025089976
1839,7841339.329983885
1840,7888086.752516471
1841,7934916.437190965
1842,7982189.190115073
1843,8029840.095862607
1844,8077574.853623721
1845,8125393.610953637
1846,8173781.832884985
1847,8222434.315281331
1848,8271172.412178941
1849,8319996.274234492
1850,8369526.172562628
1851,8419194.14696726
1852,8468949.522847803
1853,8518889.596032036
1854,8569498.032015493
1855,8620195.524417726
1856,8670982.229952177
1857,8722123.690360792
1858,8773773.94823835
1859,8825515.095842296
1860,8877347.293112114
1861,8929724.865392547
1862,8982431.1691428
1863,9035230.220957045
1864,9088122.184044937
1865,9141770.964580428
1866,9195547.650384024
1867,9249418.967816768
1868,9303575.389585001
1869,9358340.53538842
1870,9413202.052227104
1871,9468160.109686034
1872,9523650.218185026
1873,9579512.826192465
1874,9635473.736453455
1875,9691533.121951394
1876,9748420.850605099
1877,9805423.991434373
1878,9862527.441527408
1879,9919902.346539145
1880,9977960.814885082
1881,10036121.449568387
1882,10094384.430372117
1883,10153123.605571957
1884,10212353.26446982
1885,10271687.150663925
1886,10331125.447563997
1887,10391267.829526732
1888,10451686.320378955
1889,10512211.130530003
1890,10572905.295519833
1891,10634420.796964318
1892,10696044.548131315
1893,10757776.73950884
1894,10819934.292312868
1895,10882669.544974001
1896,10945515.193769112
1897,11008471.432963269
1898,11072130.232714135
1899,11136102.062320601
1900,11200186.464080853
1901,11264470.975301478
1902,11329581.858515667
1903,11394807.31829079
1904,11460147.556248222
1905,11525999.341578927
1906,11592378.913884744
1907,11658875.295279337
1908,11725488.691312632
1909,11792946.409162028
1910,11860612.181125022
1911,11928397.025518047
1912,11996555.185939148
1913,12065403.776507542
1914,12134373.52092672
1915,12203464.632392162
1916,12273295.86207582
1917,12343464.151761945
1918,12413755.917589407
1919,12484334.417990174
1920,12555715.105285993
1921,12627221.4021943
1922,12698853.529751373
1923,12771172.762845157
1924,12843907.689873906
1925,12916770.609587044
1926,12989883.678878244
1927,13063861.573683469
1928,13137969.648438804
1929,13212208.132222962
1930,13287130.014249815
1931,13362497.86389282
1932,13437998.339405952
1933,13513760.115242513
1934,13590402.636273183
1935,13667180.026228774
1936,13744092.52243924
1937,13821731.482828733
1938,13899801.008783873
1939,13978007.914781319
1940,14056532.02823198
1941,14135909.234482355
1942,14215426.121915866
1943,14295082.936330533
1944,14375552.750537138
1945,14456395.540746832
1946,14537380.591144763
1947,14618779.667330446
1948,14700964.660463413
1949,14783294.275675181
1950,14865768.767458348
1951,14949182.022732219
1952,15032872.943288065
1953,15116711.135920526
1954,15201096.174660297
1955,15286165.588442577
1956,15371384.700052327
1957,15456755.778321264
1958,15543306.43555461
1959,15630009.397177178
1960,15716864.931200152
1961,15804159.986298816
1962,15892363.962738197
1963,15980723.152931575
1964,16069237.8300097
1965,16158501.311472258
1966,16248381.661614839
1967,16338420.175445246
1968,16428617.131285304
1969,16519893.651338376
1970,16611473.87068101
1971,16703215.244990574
1972,16795312.22641115
1973,16888452.38151513
1974,16981756.436623182
1975,17075224.680151258
1976,17169409.045719102
1977,17264294.436158247
1978,17359346.797711566
1979,17454566.424199287
1980,17550882.804036453
1981,17647538.39702928
1982,17744364.076181352
1983,17841574.84916511
1984,17939853.24960458
1985,18038304.59187615
1986,18136929.180306725
1987,18236344.82128877
1988,18336441.940917864
1989,18436715.202799134
1990,18537164.91689133
1991,18638977.89305452
1992,18741083.07032727
1993,18843367.92345352
1994,18945832.768610068
1995,19049482.21490821
1996,19153620.142398253
1997,19257941.322794694
1998,19362446.07856897
1999,19467990.49921934
2000,19574186.02664129
2001,19680568.427750755
2002,19787138.03139057
2003,19894636.358770397
2004,20002914.49431017
2005,20111383.168325555
2006,20220042.716108344
2007,20329554.297254927
2008,20439940.20891852
2009,20550520.368134048
2010,20661295.11672015
2011,20772879.700102974
2012,20885398.71707369
2013,20998115.73524452
2014,21111031.10303945
2015,21224748.825658295
2016,21339426.43966293
2017,21454305.853373736
2018,21569387.421898898
2019,21685384.934752997
2020,21802435.60073234
2021,21919692.242302824
2022,22037155.221921008
2023,22154824.902681082
2024,22274203.526182234
2025,22393864.752601177
2026,22513736.548441216
2027,22633819.28424265
2028,22754885.207276735
2029,22876978.47349076
2030,22999286.588811927
2031,23121809.931311376
2032,23244636.432888452
2033,23369189.29292093
2034,23493961.33023339
2035,23618952.930513397
2036,23744164.48012707
2037,23870653.868366905
2038,23997917.530624278
2039,24125405.140387226
2040,24253117.091737475
2041,24381529.59836516
2042,24511312.690235216
2043,24641324.16307699
2044,24771564.418773632
2045,24902033.859915614
2046,25034305.02402468
2047,25166868.316794313
2048,25299664.8828822
2049,25432695.132780626
2050,25567053.43481589
2051,25702196.609068565
2052,25837577.596482746
2053,25973196.815539546
2054,26109717.48725875
2055,26247468.71080902
2056,26385462.336931095
2057,26523698.792181976
2058,26662457.382622737
2059,26802844.9312055
2060,26943479.521527078
2061,27084361.588308096
2062,27225491.56703418
2063,27368486.193494856
2064,27511790.18339762
2065,27655346.347128224
2066,27799155.128438164
2067,27944554.011627868
2068,28090555.94828833
2069,28236814.80637946
2070,28383331.03800718
2071,28531210.46787154
2072,28679939.01230014
2073,28828929.276197076
2074,28978181.720111296
2075,29128618.19138782
2076,29280102.12061235
2077,29431852.617981803
2078,29583870.152577408
2079,29736940.33783233
2080,29891208.547237437
2081,30045748.224311262
2082,30200559.846756637
2083,30356340.570025872
2084,30513422.07586025
2085,30670779.999947
2086,30828414.82870058
2087,30986983.03975243
2088,31146906.981816318
2089,31307112.343993556
2090,31467599.621500306
2091,31629032.37074391
2092,31791828.015272338
2093,31954910.13327482
2094,32118279.22885996
2095,32282653.642924253
2096,32448350.38567955
2097,32614338.70699732
2098,32780619.119969524
2099,32948012.377982754
2100,33116639.74757477
2101,33285563.852779116
2102,33454785.21576267
2103,33625274.5263652
2104,33796862.18781547
2105,33968751.79412945
2106,34140943.876640655
2107,34314606.455769904
2108,34489184.21434052
2109,34664069.17947448
2110,34839261.89176433
2111,35016174.94125392
2112,35193772.746561885
2113,35371683.07283507
2114,35549906.470017746
2115,35730147.15705992
2116,35910795.10749919
2117,36091760.946269676
2118,36273285.06379053
2119,36456690.67028512
2120,36640419.01778268
2121,36824470.67421168
2122,37009462.48690047
2123,37195973.43653111
2124,37382812.59166246
2125,37569980.52983883
2126,37758516.98389135
2127,37948163.79767968
2128,38138144.3351743
2129,38328459.18362982
2130,38520617.11321196
2131,38713430.48196159
2132,38906583.14662944
2133,39100265.34171229
2134,39295931.81582814
2135,39491942.60649587
2136,39688298.31961034
2137,39885741.145117156
2138,40084630.419938244
2139,40283869.682498746
2140,40483459.54867297
2141,40684739.387494184
2142,40886882.64853375
2143,41089381.62337708
2144,41292362.22849537
2145,41497429.99922259
2146,41702858.63003721
2147,41908648.755945705
2148,42115604.417434804
2149,42323983.32149921
2150,42532728.91227712
2151,42741841.83502789
2152,42952848.33563316
2153,43164570.12324994
2154,43376664.480076864
2155,43589546.171215706
2156,43804264.97502093
2157,44019361.62190922
2158,44234836.77677196
2159,44451905.90006781
2160,44670025.79023412
2161,44888529.50839944
2162,45107585.153475985
2163,45328749.34784047
2164,45550302.72728932
2165,45772245.97667233
2166,45995624.46748852
2167,46220248.72542732
2168,46445268.25714835
2169,46670743.10854839
2170,46898459.593654945
2171,47126576.79395894
2172,47355095.41459951
2173,47585027.1989483
2174,47816263.59904527
2175,48047906.908357546
2176,48280043.16131322
2177,48514420.45172277
2178,48749210.17839514
2179,48984413.067095116
2180,49221138.876238644
2181,49459096.92409831
2182,49697473.709302954
2183,49936510.11876033
2184,50177658.58360683
2185,50419231.39999748
2186,50661229.31466427
2187,50904986.311455995
2188,51149777.50428948
2189,51394999.45879841
2190,51641170.95538316
2191,51889203.100287646
2192,52137671.70999305
2193,52386577.55254695
2194,52637598.95649476
2195,52889337.08903104
2196,53141518.20781702
2197,53395055.5079808
2198,53650086.306595884
2199,53905565.88558695
2200,54161662.830989406
2201,54420009.73987974
2202,54678811.26452693
2203,54938068.20491881
2204,55199197.407398656
2205,55461344.69220624
2206,55723953.28031403
2207,55987738.94152963
2208,56253256.16003996
2209,56519240.61194406
2210,56785726.84017599
2211,57054853.160801925
2212,57324453.06578184
2213,57594527.388482295
2214,57865781.3244789
2215,58139014.71622596
2216,58412728.919563234
2217,58686924.78057499
2218,58963035.37130731
2219,59240407.433092974
2220,59518267.58930921
2221,59796624.251813315
2222,60077672.06299954
2223,60359214.43685491
2224,60641252.24366143
2225,60924631.337464355
2226,61209873.765160166
2227,61495618.13681391
2228,61781865.33569623
2229,62070353.392604284
2230,62359822.11107728
2231,62649800.21053359
2232,62940803.65691403
2233,63234216.657068096
2234,63528145.97898131
2235,63822592.53122502
2236,64118376.179612584
2237,64416276.78222211
2238,64714701.60344773
2239,65013651.56575649
2240,65314306.85941402
2241,65616730.02342823
2242,65919685.36443205
2243,66223173.81889701
2244,66528791.204899885
2245,66835772.02393267
2246,67143293.04008254
2247,67451355.20393366
2248,67762024.10902917
2249,68073597.82240656
2250,68385719.81503841
2251,68698553.30177464
2252,69014199.86008283
2253,69330401.86465211
2254,69647160.2929008
2255,69965209.93289937
2256,70285512.1568072
2257,70606378.01957126
2258,70927808.5130262
2259,71251160.55061878
2260,71576154.128004
2261,71901719.59964004
2262,72227857.9718885
2263,72556597.54026932
2264,72886318.35680884
2265,73216619.38614121
2266,73547816.16157112
2267,73881712.75528482
2268,74216196.90992604
2269,74551269.65942495
2270,74888009.7211095
2271,75226697.55056211
2272,75565981.37209812
2273,75905862.2344838
2274,76248227.24393068
2275,76591742.82127722
2276,76935862.88611282
2277,77280893.72471857
2278,77628685.33518589
2279,77977088.95769617
2280,78326105.66920602
2281,78676853.60346411
2282,79029557.41846405
2283,79382881.88953033
2284,79736828.10882981
2285,80093380.38808616
2286,80451029.21630114
2287,80809307.40233785
2288,81168668.79717276
2289,81530658.51930235
2290,81893285.23794171
2291,82256550.07401232
2292,82621879.46681519
2293,82988871.22895934
2294,83356508.7897179
2295,83724800.50826554
2296,84096173.77613008
2297,84468200.55276057
2298,84840881.98813432
2299,85215300.05131942
2300,85591732.49285123
2301,85968827.34579019
2302,86346585.77578
2303,86727210.5022261
2304,87108735.21546039
2305,87490931.30098516
2306,87874739.22114718
2307,88260710.20952792
2308,88647360.39432345
2309,89034690.97071385
2310,89424855.6823643
2311,89815976.39002831
2312,90207785.35607973
2313,90601273.71761055
2314,90996881.35983272
2315,91393185.15611398
2316,91790186.33147386
2317,92190176.1013741
2318,92590991.16524503
2319,92992511.54668424
2320,93395960.1272412
2321,93801302.90208314
2322,94207358.96191806
2323,94614331.65462247
2324,95024218.59961554
2325,95434826.82598935
2326,95846157.60297959
2327,96259835.19599576
2328,96675012.10326493
2329,97090919.60066865
2330,97508248.32586832
2331,97928010.46562125
2332,98348511.26415224
2333,98769752.02127562
2334,99193916.28492494
2335,99619027.0143177
2336,100044885.8144077
2337,100472822.62596026
2338,100902559.9774257
2339,101333053.54106373
2340,101764821.23971497
2341,102199201.97918622
2342,102634347.10180756
2343,103070257.95266017
2344,103509043.53915367
2345,103948857.10516773
2346,104389444.61447997
2347,104832725.08645885
2348,105278175.91341242
2349,105724410.6035658
2350,106171430.53627963
2351,106619237.09334075
2352,107070912.23321389
2353,107523588.27999261
2354,107977060.90419506
2355,108431331.50755468
2356,108887485.3358591
2357,109346620.48393312
2358,109806563.57551876
2359,110267316.03234953
2360,110728879.27866141
2361,111193730.90822463
2362,111660163.93542169
2363,112127417.74820961
2364,112595493.7909199
2365,113065141.96891242
2366,113538083.98018718
2367,114011858.23091584
2368,114486466.18558586
2369,114961909.31126083
2370,115440540.51093183
2371,115920853.84708159
2372,116402012.39400342
2373,116884017.63901019
2374,117367745.05893752
2375,117854615.69504502
2376,118342343.08080722
2377,118830928.72384079
2378,119320374.13441536
2379,119813349.55542038
2380,120307663.59642033
2381,120802847.48522833
2382,121298902.75251032
2383,121797255.66293529
2384,122298173.34615417
2385,122799972.4976087
2386,123302654.6684124
2387,123806529.34107365
2388,124314065.94496861
2389,124822495.66441093
2390,125331820.07100976
2391,125842040.73913935
2392,126355532.22309871
2393,126870607.48022962
2394,127386589.11866426
2395,127903478.73335592
2396,128422757.1161461
2397,128944492.54911783
2398,129467146.08329867
2399,129990719.33426419
2400,130515919.67439406
2401,131044329.59382412
2402,131573669.35954851
2403,132103940.60781126
2404,132635193.07477093
2405,133170291.4676686
2406,133706331.47655788
2407,134243314.75839293
2408,134781242.97304437
2409,135322545.16892862
2410,135865299.11226258
2411,136409008.14304176
2412,136953673.9419257
2413,137501251.85757262
2414,138050733.11003467
2415,138601181.28797406
2416,139152598.09288225
2417,139706566.87423605
2418,140262788.49755654
2419,140819988.9073707
2420,141378169.82604042
2421,141938639.76129693
2422,142501614.50780568
2423,143065579.92426193
2424,143630537.7539396
2425,144197614.28594667
2426,144767354.60202798
2427,145338097.49341187
2428,145909844.72432116
2429,146483628.46513778
2430,147060146.49459642
2431,147637679.02607945
2432,148216227.8447976
2433,148796814.59230408
2434,149380122.1796364
2435,149964456.2165571
2436,150549818.50929934
2437,151137299.26574692
2438,151727407.95932874
2439,152318555.07038155
2440,152910742.42619947
2441,153505203.41860276
2442,154102124.47378457
2443,154700095.93412554
2444,155299119.64801314
2445,155900642.35028023
2446,156504386.73240173
2447,157109193.5266632
2448,157715064.60258156
2449,158323817.20071754
2450,158934532.07318556
2451,159546321.623738
2452,160159187.7434743
2453,160774749.4468904
2454,161392441.96314284
2455,162011221.43600878
2456,162631089.7781952
2457,163253712.26734498
2458,163878676.02167353
2459,164504739.5277834
2460,165131904.72089577
2461,165760509.39838058
2462,166392740.55551457
2463,167026084.2528453
2464,167660542.44809842
2465,168296117.1024439
2466,168934764.543975
2467,169575384.03886977
2468,170217130.83487234
2469,170860006.91568276
2470,171504868.4448527
2471,172152758.79835775
2472,172801789.24746397
2473,173451961.79838476
2474,174103278.46086326
2475,174758319.95843914
2476,175414628.57298604
2477,176072092.09669504
2478,176730712.56184742
2479,177392170.49432695
2480,178055751.25271636
2481,178720499.71701798
2482,179386417.94202995
2483,180054404.96620038
2484,180725251.31882623
2485,181397278.16258693
2486,182070487.57477817
2487,182745109.55932528
2488,183423214.43434992
2489,184102512.57328475
2490,184783006.07590133
2491,185464697.0456674
2492,186149717.93621752
2493,186836279.7685238
2494,187524049.74638513
2495,188213029.9957594
2496,188904830.8811779
2497,189598648.29302156
2498,190293686.61801153
2499,190989948.00457424
2500,191688645.03896844
2501,192389771.07380977
2502,193092130.88272852
2503,193795726.6367811
2504,194501157.43716562
2505,195209579.87505078
2506,195919248.9264383
2507,196630166.78497818
2508,197342419.5794269
2509,198058125.67040518
2510,198775091.1918732
2511,199493318.36003307
2512,200212809.39498857
2513,200935450.73175433
2514,201659699.4241101
2515,202385222.57929394
2516,203112022.43995988
2517,203841588.6928274
2518,204573106.73391795
2519,205305912.02964565
2520,206040006.8451756
2521,206776564.61460826
2522,207515337.66285524
2523,208255410.732311
2524,208996786.11060408
2525,209740395.05228055
2526,210486408.2499087
2527,211233734.2091678
2528,211982375.24010667
2529,212733088.12350577
2530,213486326.09944406
2531,214240889.55038652
2532,214996780.80875126
2533,215754687.35698357
2534,216515263.4430846
2535,217277177.91698906
2536,218040433.13383904
2537,218805096.50276428
2538,219572983.62652633
2539,220342222.00325066
2540,221112814.01071656
2541,221884762.03088716
2542,222659484.9480787
2543,223436019.57544845
2544,224213920.67269474
2545,224993190.64437285
2546,225774755.4983601
2547,226558558.20100972
2548,227343740.16308653
2549,228130303.81165254
2550,228918773.2718012
2551,229709815.35964996
2552,230502249.44598973
2553,231296077.98029768
2554,232091506.28104985
2555,232889758.55737042
2556,233689415.51986468
2557,234490479.64033595
2558,235292953.39493787
2559,236098345.44292364
2560,236905195.53358024
2561,237713465.43987274
2562,238523157.66022736
2563,239335523.9264561
2564,240149536.90460476
2565,240964982.30283153
2566,241781862.6417417
2567,242601232.2999904
2568,243422377.4390284
2569,244244967.54851365
2570,245069005.17113575
2571,245895399.359458
2572,246723645.45310393
2573,247553349.01264966
2574,248384512.6027738
2575,249217944.52794272
2576,250053259.89597842
2577,250890045.16961706
2578,251728302.93542543
2579,252568777.97981742
2580,253411130.4732885
2581,254254965.2554905
2582,255100284.93478018
2583,255947800.76543567
2584,256797157.77127817
2585,257648009.39158696
2586,258500358.2564074
2587,259354904.93603376
2588,260211233.38108867
2589,261069068.7081432
2590,261928413.56883112
2591,262789973.6684793
2592,263653240.02285945
2593,264518025.4677685
2594,265384332.67632157
2595,266252881.3894937
2596,267123051.6692557
2597,267994753.18827155
2598,268867994.7462568
2599,269743493.898945
2600,270620533.6680181
2601,271499116.7644694
2602,272379346.74247473
2603,273261668.49179786
2604,274145542.86311114
2605,275030972.5885329
2606,275918145.00803214
2607,276807254.0782645
2608,277697927.7140153
2609,278590168.66841966
2610,279484230.6368656
2611,280380091.3016854
2612,281277528.4126806
2613,282176544.7438931
2614,283077436.57279086
2615,283980012.653614
2616,284884176.99760467
2617,285789932.3995973
2618,286697587.7223157
2619,287606842.5855524
2620,288517697.46448076
2621,289430213.38232446
2622,290344501.0636074
2623,291260397.6167328
2624,292177905.8728
2625,293097105.5371736
2626,294017985.7509312
2627,294940486.4372777
2628,295864610.4477236
2629,296790408.4282464
2630,297717843.21386194
2631,298646910.00600874
2632,299577605.99878246
2633,300509916.3316774
2634,301443867.25049955
2635,302379461.64215416
2636,303316639.82639223
2637,304255415.9882435
2638,305195844.1138006
2639,306137927.10998744
2640,307081484.0494988
2641,308026686.68368644
2642,308973552.5900981
2643,309921993.413935
2644,310871911.0825795
2645,311823500.3203848
2646,312776764.06877357
2647,313731413.30479264
2648,314687638.90367275
2649,315645547.17162883
2650,316605141.069615
2651,317565951.6120596
2652,318528434.47911596
2653,319492611.0260101
2654,320458360.3379616
2655,321425347.9505883
2656,322394037.1699389
2657,323364430.9902909
2658,324336202.0911605
2659,325309334.08056414
2660,326284178.48879313
2661,327260738.3291521
2662,328238367.8885426
2663,329217540.4597721
2664,330198436.07927996
2665,331181057.77907306
2666,332164564.0701116
2667,333149693.9438249
2668,334136557.3487188
2669,335125157.3352457
2670,336114498.1638176
2671,337105517.91844565
2672,338098281.5685126
2673,339092764.76137394
2674,340087855.756122
2675,341084697.81034505
2676,342083294.0053381
2677,343083477.891253
2678,344084313.3411631
2679,345086909.95889443
2680,346091270.8435315
2681,347097026.4394184
2682,348103538.5775101
2683,349111821.87251943
2684,350121879.4411061
2685,351133069.62736714
2686,352145190.5409986
2687,353159092.4811333
2688,354174778.5817989
2689,355191258.3387662
2690,356208919.9734585
2691,357228372.3844835
2692,358249618.7230226
2693,359271235.36436653
2694,360294369.52721786
2695,361319304.096227
2696,362345904.0163172
2697,363372635.6425018
2698,364401174.00516444
2699,365431522.2835725
2700,366463028.5028969
2701,367495086.49502987
2702,368528960.59626204
2703,369564654.00235105
2704,370600891.97205925
2705,371638207.85856915
2706,372677349.1063054
2707,373718318.92730784
2708,374759107.33047825
2709,375801612.5107975
2710,376845952.18375236
2711,377891495.06520236
2712,378937280.5460188
2713,379984906.29167265
2714,381034375.54042715
2715,382084129.6231724
2716,383134875.951157
2717,384187471.2733858
2718,385241918.8434837
2719,386295922.4673997
2720,387351553.17624986
2721,388409041.4741916
2722,389467852.8218273
2723,390526336.99666274
2724,391586683.78168607
2725,392648896.4544809
2726,393711885.02342576
2727,394774994.0290769
2728,395839973.78303
2729,396906827.57718647
2730,397973790.22405374
2731,399041441.14663047
2732,400110970.80971533
2733,401182382.51927245
2734,402253108.82427144
2735,403325218.8014182
2736,404399215.36546475
2737,405474779.1122928
2738,406549374.37708855
2739,407625860.6019921
2740,408704241.114468
2741,409783232.645948
2742,410862113.86922365
2743,411942893.5943959
2744,413025575.1622022
2745,414107763.35449874
2746,415190847.9969413
2747,416275838.53782505
2748,417362590.04878986
2749,418447885.8480422
2750,419535091.4365512
2751,420624210.1749129
2752,421713653.2295094
2753,422802661.9760687
2754,423893587.0453413
2755,424986431.80942166
2756,426079242.5496973
2757,427171861.0018364
2758,428266402.1284705
2759,429362869.3128688
2760,430458762.1193053
2761,431554793.0358442
2762,432652752.63157195
2763,433752644.30032444
2764,434851567.8786614
2765,435950693.9067911
2766,437051754.0603582
2767,438154751.74278
2768,439257218.38007265
2769,440359301.41359085
2770,441463323.7757662
2771,442569288.8791728
2772,443675128.3811813
2773,444780027.9816942
2774,445886871.8669546
2775,446995663.4582547
2776,448104560.94742566
2777,449211708.25843114
2778,450320803.80925745
2779,451431851.028158
2780,452544853.34941703
2781,453654469.6548887
2782,454765627.7108923
2783,455878741.0641356
2784,456993813.1552895
2785,458107717.81302494
2786,459220741.9790511
2787,460335724.7258867
2788,461452669.49997824
2789,462570855.5004125
2790,463685541.29050267
2791,464802188.58513516
2792,465920800.8359029
2793,467041381.5004702
2794,468159418.643073
2795,469277516.5731842
2796,470397582.0118859
2797,471519618.4213335
2798,472641767.9149204
2799,473761092.4213929
2800,474882386.5946358
2801,476005653.9006007
2802,477130897.8113387
2803,478252302.7408969
2804,479374589.81204253
2805,480498851.76288486
2806,481625092.0685478
2807,482750540.9302287
2808,483873572.30400866
2809,484998579.86700577
2810,486125567.0966473
2811,487254537.4764821
2812,488378724.92020696
2813,489504214.72280943
2814,490631685.040426
2815,491761139.35809433
2816,492889467.9190965
2817,494015192.7790844
2818,495142898.5674871
2819,496272588.7700714
2820,497404266.87873554
2821,498530964.47751623
2822,499658742.20753336
2823,500788504.4780968
2824,501920254.78132915
2825,503050763.5060679
2826,504178451.3685599
2827,505308123.61323
2828,506439783.7319184
2829,507573435.22261065
2830,508701250.93557036
2831,509830672.7798565
2832,510962082.0573016
2833,512095482.265114
2834,513226356.1386747
2835,514355368.92313004
2836,515486368.4206897
2837,516619358.12729627
2838,517752973.39767444
2839,518881420.1728664
2840,520011852.66492677
2841,521144274.36804205
2842,522278688.7825475
2843,523408026.66401327
2844,524537736.63233054
2845,525669434.5400456
2846,526803123.88525707
2847,527934381.3338386
2848,529063214.96129024
2849,530194034.98581237
2850,531326844.90278625
2851,532459670.6960136
2852,533587475.85977316
2853,534717265.6105852
2854,535849043.4406451
2855,536982812.8482939
2856,538109701.8559375
2857,539238310.6324425
2858,540368905.4098029
2859,541501489.6827033
2860,542629070.5260836
2861,543756349.3097155
2862,544885611.753584
2863,546016861.3482525
2864,547144755.2001363
2865,548270556.6460227
2866,549398339.1522435
2867,550528106.2047876
2868,551655925.6450167
2869,552780104.0731719
2870,553906260.7054074
2871,555034399.0226837
2872,556161748.7260684
2873,557284160.1121573
2874,558408546.5926328
2875,559534911.6429839
2876,560661389.0468583
2877,561781891.0125757
2878,562904364.7124451
2879,564028813.6160395
2880,565154009.5677305
2881,566272461.3707923
2882,567392881.3001058
2883,568515272.8188971
2884,569638772.2033312
2885,570755034.7271086
2886,571873261.5244362
2887,572993456.0517584
2888,574114838.39948
2889,575228774.1423159
2890,576344670.0640389
2891,577462529.6138885
2892,578581346.6571198
2893,579692578.6896002
2894,580805766.1430278
2895,581920912.4582665
2896,583037481.3286972
2897,584145870.2093412
2898,585256209.5076162
2899,586368502.6555833
2900,587482385.1020846
2901,588587793.1137195
2902,589695146.2973312
2903,590804448.0757476
2904,591915201.8718116
2905,593017493.0044453
2906,594121723.8240647
2907,595227897.7438475
2908,596335077.2697395
2909,597434117.2030388
2910,598535091.1019728
2911,599638002.3696485
2912,600741159.1737092
2913,601836815.2590884
2914,602934399.355329
2915,604033914.8550607
2916,605132598.1945229
2917,606224739.4367942
2918,607318802.504645
2919,608414790.7798172
2920,609508548.1414759
2921,610597045.1800888
2922,611687457.631363
2923,612779788.865758
2924,613868166.4668641
2925,614952891.5566931
2926,616039525.4214761
2927,617128071.4199895
2928,618210614.6897122
2929,619291441.6814036
2930,620374170.5883566
2931,621458804.7572776
2932,622535058.7990645
2933,623611863.1188962
2934,624690562.2750876
2935,625769895.2332069
2936,626840669.6370729
2937,627913328.2663473
2938,628987874.4366053
2939,630060108.5377406
2940,631126623.2621865
2941,632195014.7160807
2942,633265286.2018087
2943,634329966.0094181
2944,635392101.2925615
2945,636456105.5984511
2946,637521982.2159092
2947,638578653.6627234
2948,639636291.2300131
2949,640695789.9052212
2950,641754190.4144834
2951,642805363.7231987
2952,643858386.7645794
2953,644913262.7935022
2954,645962843.1908702
2955,647009294.9134222
2956,648057588.0598718
2957,649107725.870474
2958,650148036.3355381
2959,651189652.7199169
2960,652233102.0192593
2961,653274133.2775832
2962,654308980.9572983
2963,655345649.6409986
2964,656384142.5330057
2965,657415097.5645889
2966,658444895.431274
2967,659476505.4156036
2968,660507528.3112527
2969,661530367.0245955
2970,662555005.6094776
2971,663581447.233035
2972,664601593.3472142
2973,665619173.8705106
2974,666638545.0123326
2975,667658104.9556824
2976,668668542.5454866
2977,669680758.1843191
2978,670694755.000913
2979,671702645.8959196
2980,672707622.7636149
2981,673714368.0709343
2982,674720754.9877166
2983,675716612.8982785
2984,676714223.201799
2985,677713588.9818636
2986,678711865.4769026
2987,679700252.3598276
2988,680690378.4888117
2989,681682246.9243057
2990,682671895.7486788
2991,683652696.5334363
2992,684635223.2148688
2993,685619478.829936
2994,686599986.5083343
2995,687573088.4159484
2996,688547902.6723995
2997,689524432.2908083
2998,690495289.6064354
2999,691460582.1077372
3000,692427573.2155463
3001,693396265.9187994
3002,694356968.371682
3003,695314343.1453084
3004,696273402.5925022
3005,697234149.677683
3006,698184197.9169166
3007,699133548.8069984
3008,700084570.250911
3009,701036595.7870238
3010,701976165.418797
3011,702917388.3923166
3012,703860267.6168667
3013,704800716.1528907
3014,705732070.371662
3015,706665063.4754168
3016,707599698.3480017
3017,708528085.7515924
3018,709451124.8160248
3019,710375788.1331697
3020,711302078.5611242
3021,712217927.3844783
3022,713132553.5421516
3023,714048789.1482546
3024,714964951.0578604
3025,715869476.8260608
3026,716775594.2690511
3027,717683306.1876025
3028,718586044.72272
3029,719481982.9793324
3030,720379497.7992113
3031,721278591.9565351
3032,722167449.1550912
3033,723054708.0071769
3034,723943528.1493057
3035,724831491.8653207
3036,725708438.0811716
3037,726586927.4399511
3038,727466962.6570282
3039,728340194.7752926
3040,729208298.7258071
3041,730077930.2594517
3042,730949092.064215
3043,731807156.6594852
3044,732666331.8737725
3045,733527018.9592352
3046,734383021.9619559
3047,735231690.2436198
3048,736081851.9074554
3049,736933509.5812682
3050,737772281.498609
3051,738610431.1193018
3052,739450055.6124641
3053,740290866.028365
3054,741116889.7651602
3055,741944367.0365978
3056,742773300.4003661
3057,743600847.3758534
3058,744416062.7594097
3059,745232712.6581523
3060,746050799.5963
3061,746864772.9943916
3062,747669023.7846261
3063,748474689.7956628
3064,749281773.5177686
3065,750081875.0484887
3066,750875003.3565145
3067,751669527.3131305
3068,752465449.3741623
3069,753251392.9951779
3070,754033239.1212955
3071,754816461.0427755
3072,755601061.1805103
3073,756372573.5188292
3074,757142975.7888236
3075,757914733.716466
3076,758687208.7722644
3077,759444670.4861761
3078,760203465.086381
3079,760963594.9182645
3080,761721236.3204055
3081,762466944.9276503
3082,763213965.7393036
3083,763962301.0643585
3084,764704823.7606612
3085,765438479.6134077
3086,766173426.461402
3087,766909666.5763149
3088,767637326.6724217
3089,768358874.0262892
3090,769081691.0681567
3091,769805780.0322033
3092,770518092.8273023
3093,771227478.3799359
3094,771938112.2195343
3095,772649996.5426167
3096,773346490.2345574
3097,774043663.0621481
3098,774742062.6860651
3099,775438198.7440933
3100,776121907.1354678
3101,776806818.6299915
3102,777492935.3446764
3103,778172329.6503415
3104,778843751.9739532
3105,779516355.7810291
3106,780190143.1505373
3107,780852361.1730498
3108,781511453.3442011
3109,782171705.3015646
3110,782831951.2575951
3111,783473926.7027874
3112,784117031.8142009
3113,784761268.5796233
3114,785406638.9903395
3115,786040778.0570942
3116,786667895.2793813
3117,787296116.0220233
3118,787925442.226801
3119,788552077.2201614
3120,789163209.1245475
3121,789775416.4201701
3122,790388700.9993107
3123,791003064.7575828
3124,791602171.7118586
3125,792198371.4068011
3126,792795620.2169428
3127,793393919.9883292
3128,793984014.3769789
3129,794564215.4564208
3130,795145437.4985622
3131,795727682.2999115
3132,796308001.3686271
3133,796872215.8287582
3134,797437423.1202104
3135,798003624.9899892
3136,798570823.1881738
3137,799121672.4588419
3138,799670879.9089638
3139,800221053.7827764
3140,800772195.7808177
3141,801311917.7975527
3142,801845143.0871744
3143,802379306.6769731
3144,802914410.2180002
3145,803442316.6063949
3146,803959580.070805
3147,804477753.7476736
3148,804996839.238626
3149,805512265.7099551
3150,806013590.2253652
3151,806515796.905778
3152,807018887.3034667
3153,807521186.414835
3154,808006512.2859961
3155,808492692.1696718
3156,808979727.5685964
3157,809467619.9881485
3158,809937928.73903
3159,810408116.3951756
3160,810879131.4253843
3161,811350975.2855158
3162,811807323.0461661
3163,812261555.2688532
3164,812716586.7891734
3165,813172419.0135819
3166,813614210.7184051
3167,814052526.4233432
3168,814491613.417974
3169,814931473.0594689
3170,815358138.8711224
3171,815780578.9957465
3172,816203762.474169
3173,816627690.6144056
3174,817038685.7536556
3175,817445293.1604267
3176,817852616.0605379
3177,818260655.7129796
3178,818655460.255972
3179,819046279.6387995
3180,819437786.733165
3181,819829982.7491726
3182,820208101.394814
3183,820583179.1884882
3184,820958916.9936193
3185,821335315.9715697
3186,821695403.4584756
3187,822053791.7239217
3188,822412810.6326983
3189,822772461.2944925
3190,823117941.3411071
3191,823459697.5148264
3192,823802055.0648323
3193,824145015.0493118
3194,824475356.6457094
3195,824800540.1923244
3196,825126295.9528314
3197,825452624.934102
3198,825767322.0175788
3199,826075994.3204894
3200,826385209.7829235
3201,826694969.3606282
3202,826993540.6416017
3203,827285764.8965453
3204,827578503.3678589
3205,827871756.9603611
3206,828153745.7153207
3207,828429586.8267107
3208,828705913.3255397
3209,828982726.0658993
3210,829247699.8998102
3211,829507224.3796982
3212,829767205.5351465
3213,830027644.1697227
3214,830275194.7502162
3215,830518470.6198292
3216,830762174.5728288
3217,831006307.3624728
3218,831236050.1280031
3219,831463146.8217081
3220,831690643.1288205
3221,831918539.752502
3222,832130113.5965488
3223,832341101.8681985
3224,832552461.4077922
3225,832762650.4169401
3226,832957259.8018755
3227,833152211.6333978
3228,833347506.5140764
3229,833538715.7336315
3230,833717389.8399663
3231,833896378.352122
3232,834075681.8233271
3233,834247617.7423062
3234,834410430.6121472
3235,834573529.9773445
3236,834736916.3420149
3237,834889307.5296499
3238,835036334.1698377
3239,835183619.5269166
3240,835331164.0561254
3241,835463760.7510065
3242,835595077.0498966
3243,835726624.4207636
3244,835855497.5140965
3245,835970976.9556477
3246,836086659.6016623
3247,836202545.8096979
3248,836311028.3818938
3249,836410978.9048897
3250,836511105.3067007
3251,836611407.896803
3252,836699312.3658926
3253,836783811.8838919
3254,836868460.0921731
3255,836951410.4527403
3256,837020416.0172908
3257,837089543.0080365
3258,837158791.638638
3259,837220688.226407
3260,837274427.094467
3261,837328260.5245336
3262,837382188.6829976
3263,837421596.8632035
3264,837458621.2517855
3265,837495710.7905967
3266,837532865.5942763
3267,837554935.0431641
3268,837575367.0894365
3269,837595835.0890961
3270,837616339.1054058
3271,837620771.5253416
3272,837624733.805825
3273,837628703.0585597
3274,837631468.4961867
3275,837617691.1068445
3276,837603889.4740378
3277,837590063.5551078
3278,837576213.3073211
3279,837547507.5601926
3280,837516107.8157095
3281,837484652.8184986
3282,837453142.4713376
3283,837410247.8364264
3284,837361415.5825007
3285,837312497.4006606
3286,837263493.1397084
3287,837205972.7402862
3288,837139873.2777096
3289,837073657.502921
3290,837007325.2112594
3291,836934775.7726386
3292,836851574.0033664
3293,836768225.8277713
3294,836684730.9882387
3295,836596781.9729583
3296,836496642.3071358
3297,836396326.4302006
3298,836295834.0320941
3299,836192146.7637832
3300,836075233.0310013
3301,835958113.5706167
3302,835840788.0206337
3303,835721054.7991868
3304,835587530.1638316
3305,835453770.5715116
3306,835319775.6088005
3307,835183718.819339
3308,835033745.6998812
3309,834883508.6799133
3310,834733007.2950803
3311,834580378.5129986
3312,834414118.5050845
3313,834247565.9374833
3314,834080720.2954123
3315,833911299.3896345
3316,833728913.1928345
3317,833546206.0599619
3318,833363177.426303
3319,833176771.6627232
3320,832978419.0108284
3321,832779717.3275673
3322,832580665.9987909
3323,832377109.1457407
3324,832162948.7404695
3325,831948411.4878141
3326,831733496.7246815
3327,831512648.1621108
3328,831282837.6101129
3329,831052622.6720616
3330,830822002.636408
3331,830583746.4703468
3332,830338442.223401
3333,830092706.3270493
3334,829846538.0217711
3335,829590782.2055384
3336,829330139.5038388
3337,829069038.1625654
3338,828807477.3747072
3339,828534152.8382038
3340,828258325.6566286
3341,827982013.1162701
3342,827704622.2437925
3343,827414274.1514573
3344,827123415.1487552
3345,826832044.3367018
3346,826536781.7179607
3347,826231579.23745
3348,825925839.7082385
3349,825619562.185349
3350,825306424.7606114
3351,824986517.5138655
3352,824666047.3433815
3353,824345013.2586552
3354,824011496.6978462
3355,823673733.339389
3356,823335375.6369209
3357,822996422.544651
3358,822656633.4054325
3359,822301338.9738798
3360,821945419.3500153
3361,821588873.4337689
3362,821231700.1231352
3363,820869424.3739139
3364,820496268.8975546
3365,820122456.8000191
3366,819747986.9259362
3367,819372858.1179029
3368,818988050.8784621
3369,818597294.400415
3370,818205850.3299361
3371,817813717.4571589
3372,817420894.5700893
3373,817013560.0218856
3374,816605459.234913
3375,816196640.3359665
3376,815787102.0614792
3377,815371476.8074138
3378,814947031.8676962
3379,814521840.0563477
3380,814095900.0591991
3381,813669210.5597681
3382,813230833.1699212
3383,812789576.6132495
3384,812347543.6028011
3385,811904732.772355
3386,811457172.2430601
3387,811000154.1463274
3388,810542331.8613932
3389,810083703.9732378
3390,809624269.0643505
3391,809153918.4514297
3392,808680605.6514305
3393,808206459.9907137
3394,807731480.0038098
3395,807251200.0621324
3396,806762544.0087469
3397,806273028.0962946
3398,805782650.8118018
3399,805291410.639632
3400,804788898.0347973
3401,804284303.4327618
3402,803778820.9258962
3403,803272448.9518784
3404,802760105.7538109
3405,802240727.1036785
3406,801720434.5344074
3407,801199226.4379036
3408,800676624.6980896
3409,800142751.388701
3410,799607938.655105
3411,799072184.8443304
3412,798535488.3004987
3413,797990854.4932313
3414,797441795.767695
3415,796891770.8974979
3416,796340778.1826534
3417,795785566.7580007
3418,795222542.2045609
3419,794658526.9319825
3420,794093519.1970414
3421,793527430.9153998
3422,792950715.4819118
3423,792372985.2386354
3424,791794238.3999585
3425,791214473.1771272
3426,790626879.7889565
3427,790035704.8165505
3428,789443489.5912519
3429,788850232.2826809
3430,788251623.9620377
3431,787647269.3506136
3432,787041851.295284
3433,786435367.9248657
3434,785825539.175998
3435,785208186.8752086
3436,784589748.2596852
3437,783970221.4180038
3438,783349310.5497551
3439,782719218.8495309
3440,782088018.4182574
3441,781455707.3050692
3442,780822283.5556685
3443,780181007.280423
3444,779537304.0747212
3445,778892468.1871846
3446,778246497.6248058
3447,777594205.4412464
3448,776938253.9761263
3449,776281148.2771219
3450,775622886.3133067
3451,774959483.1282545
3452,774291532.3532897
3453,773622406.2304693
3454,772952102.6917162
3455,772277526.2216544
3456,771597819.6054739
3457,770916916.955899
3458,770234816.1684573
3459,769549034.9205409
3460,768857810.5360154
3461,768165369.8514947
3462,767471710.7268476
3463,766774722.0647218
3464,766072212.6746882
3465,765368467.1276525
3466,764663483.2485471
3467,763955051.0857105
3468,763240668.3803805
3469,762525028.6258521
3470,761808129.6102968
3471,761089969.1179961
3472,760365499.7878314
3473,759638273.9231592
3474,758909768.4106606
3475,758179980.9987453
3476,757447303.2197435
3477,756708791.7580516
3478,755968980.790541
3479,755227868.030685
3480,754485451.1879314
3481,753737197.5118951
3482,752986374.6729239
3483,752234230.6652918
3484,751480763.1643561
3485,750724130.6811717
3486,749962582.23659
3487,749199693.7507718
3488,748435462.8658701
3489,747669887.2198877
3490,746898257.5130342
3491,746124904.1300311
3492,745350189.9341393
3493,744574112.5309641
3494,743794074.1031995
3495,743010528.3581821
3496,742225603.8660475
3497,741439298.200848
3498,740650723.0109178
3499,739857250.5365229
3500,739062381.8482138
3501,738266114.4893122
3502,737468445.9988158
3503,736665770.2598652
3504,735861216.704644
3505,735055247.4376403
3506,734247859.9678705
3507,733436800.6740195
3508,732622814.9543173
3509,731807396.9263215
3510,730990544.0698478
3511,730171066.6401556
3512,729347894.9754936
3513,728523274.8392972
3514,727697203.6829451
3515,726869303.0027953
3516,726037185.2734767
3517,725203603.331498
3518,724368554.6005422
3519,723532036.4997602
3520,722691422.8485335
3521,721849113.1963722
3522,721005321.3983499
3523,720160044.8465972
3524,719311351.6606454
3525,718460542.3301176
3526,717608235.8981092
3527,716754429.7304401
3528,715897721.1878074
3529,715038634.2893457
3530,714178035.7246312
3531,713315922.8338572
3532,712451285.0746232
3533,711584136.9389194
3534,710715462.9528646
3535,709845260.4316989
3536,708972799.8678927
3537,708097801.1866876
3538,707221262.8417878
3539,706343182.1241288
3540,705463023.8360112
3541,704580379.8019594
3542,703696182.6519443
3543,702810429.6532359
3544,701922715.8690292
3545,701032626.314542
3546,700140970.5434681
3547,699247745.8000274
3548,698352634.4562243
3549,697455293.9912531
3550,696556374.5515239
3551,695655873.3588125
3552,694753536.7381998
3553,693849134.886868
3554,692943141.6361135
3555,692035554.1858523
3556,691126176.8254974
3557,690214896.089984
3558,689302011.8515315
3559,688387521.2887621
3560,687471308.7341638
3561,686553332.3763721
3562,685633740.7346097
3563,684712530.9667718
3564,683789681.0582286
3565,682865187.3377476
3566,681939066.8659462
3567,681011316.780547
3568,680082038.3255507
3569,679151200.6405205
3570,678218725.0419508
3571,677284608.6479243
3572,676349120.2930161
3573,675412107.3197037
3574,674473445.5674497
3575,673533132.1352237
3576,672591661.3056842
3577,671648637.1367345
3578,670703953.6121968
3579,669757607.8124311
3580,668810389.7170912
3581,667861513.9985332
3582,666910968.6286677
3583,665958922.5777684
3584,665006027.3682646
3585,664051455.4352714
3586,663095203.8285962
3587,662137719.6487246
3588,661179289.1229631
3589,660219172.1344647
3590,659257365.7159041
3591,658294701.4411958
3592,657330882.4569321
3593,656365367.5291109
3594,655398153.6737283
3595,654430571.587365
3596,653461507.0989465
3597,652490737.4377077
3598,651518485.1958985
3599,650546025.5319712
3600,649571854.7216295
3601,648595969.7541237
3602,647619171.9866459
3603,646641750.2718385
3604,645662608.6801437
3605,644681744.1854522
3606,643700676.1103897
3607,642718424.1413944
3608,641734443.7969607
3609,640748890.6515464
3610,639763670.4459096
3611,638776716.6425105
3612,637788026.1911049
3613,636798607.6143384
3614,635808818.7837234
3615,634817288.3171841
3616,633824013.1503341
3617,632831011.359708
3618,631836775.7405025
3619,630840790.6616049
3620,629843559.8428504
3621,628846750.2722957
3622,627848186.713537
3623,626847866.0804613
3624,625847477.5064194
3625,624846463.3831431
3626,623843687.874158
3627,622839226.1579809
3628,621835886.0184045
3629,620830780.4008892
3630,619823906.1991091
3631,618817139.1030627
3632,617810709.7049934
3633,616802509.3939723
3634,615792535.054116
3635,614780783.564057
3636,613771326.8583125
3637,612760214.4806349
3638,611747322.9509106
3639,610732649.1387632
3640,609718394.1571552
3641,608704545.8028519
3642,607688913.4831507
3643,606671494.0592074
3644,605652567.6335948
3645,604636153.1659338
3646,603617950.2184237
3647,602597955.6442826
3648,601576166.2911899
3649,600555684.7664154
3650,599535075.4191701
3651,598512670.2118877
3652,597488465.9848055
3653,596463786.0522046
3654,595440928.8959177
3655,594416271.9252566
3656,593389811.9735017
3657,592361545.868363
3658,591336146.9847486
3659,590309391.7638284
3660,589280829.8706532
3661,588250458.1264417
3662,587221361.6410207
3663,586192656.6107795
3664,585162141.4783266
3665,584129813.0588493
3666,583097199.6417783
3667,582066688.449656
3668,581034363.9781374
3669,580000223.0368218
3670,578964281.8896902
3671,577932103.6629708
3672,576898109.2244861
3673,575862295.3786808
3674,574824658.9243778
3675,573789512.4259875
3676,572753983.1334562
3677,571716631.7338328
3678,570677455.021193
3679,569639599.0843447
3680,568602821.706853
3681,567564220.0271031
3682,566523790.8353121
3683,565482795.2032399
3684,564444889.8576138
3685,563405158.2259281
3686,562363597.0949128
3687,561320203.2456458
3688,560280788.5719112
3689,559240041.8184471
3690,558197463.7804289
3691,557153051.2357945
3692,556111111.4080752
3693,555069459.1037855
3694,554025973.9225229
3695,552980652.6394303
3696,551936443.8052677
3697,550893990.4910455
3698,549849702.8913918
3699,548803577.7789723
3700,547757362.4814417
3701,546714207.8879117
3702,545669217.7759825
3703,544622388.9161557
3704,543574467.5838823
3705,542531014.7216727
3706,541485725.8172364
3707,540438597.6401553
3708,539389626.9543294
3709,538344504.480641
3710,537299026.6725206
3711,536251709.26037616
3712,535202549.00752705
3713,534155235.6143767
3714,533109674.7767651
3715,532062274.19005036
3716,531013030.61730194
3717,529963758.7812056
3718,528918216.9957136
3719,527870835.4956699
3720,526821611.0442056
3721,525770616.52201194
3722,524725192.2923456
3723,523677928.5560085
3724,522628822.0765029
3725,521577869.61163837
3726,520531131.4587845
3727,519484080.78688943
3728,518435187.747773
3729,517384449.0999102
3730,516336801.57371396
3731,515290457.02052605
3732,514242271.34363973
3733,513192241.30371916
3734,512142249.9298808
3735,511096693.47813606
3736,510049297.2904743
3737,509000058.13000697
3738,507948972.7541514
3739,506903329.73547095
3740,505856801.08083755
3741,504808430.9809568
3742,503758216.19593567
3743,502710895.90407455
3744,501665309.0019829
3745,500617882.31280124
3746,499568612.5995597
3747,498519912.2334278
3748,497475337.72906023
3749,496428925.2200714
3750,495380671.4726307
3751,494330888.80039585
3752,493287394.00640476
3753,492242063.1087085
3754,491194892.87682545
3755,490145880.07458955
3756,489102729.1932268
3757,488059469.4253546
3758,487014373.9686917
3759,485967439.5934916
3760,484920306.59075356
3761,483879187.71566653
3762,482836236.919943
3763,481791450.98046786
3764,480744826.66845876
3765,479701770.106076
3766,478661029.41668075
3767,477618457.47348064
3768,476574051.05453914
3769,475527806.9322533
3770,474489291.1235425
3771,473448994.55073154
3772,472406867.50696814
3773,471362906.77169925
3774,470321552.9859988
3775,469283589.2192128
3776,468243799.08732724
3777,467202179.3770169
3778,466158726.8693046
3779,465122819.25447476
3780,464085482.31702924
3781,463046320.1188491
3782,462005329.44855756
3783,460967072.5215101
3784,459932237.4665593
3785,458895581.55423737
3786,457857101.58091867
3787,456816855.98360336
3788,455784568.03210163
3789,454750463.70616406
3790,453714539.81005436
3791,452676793.1424178
3792,451642967.25657684
3793,450611456.5472259
3794,449578130.8324871
3795,448542986.9190386
3796,447507917.8016623
3797,446479039.6602954
3798,445448351.1468629
3799,444415849.07620037
3800,443381530.2575381
3801,442354150.26953286
3802,441326696.92838186
3803,440297435.7236449
3804,439266363.47457576
3805,438236280.10532016
3806,437212102.46215594
3807,436186122.72036016
3808,435158337.70933247
3809,434128744.2528961
3810,433105058.5865576
3811,432082398.2929205
3812,431057938.5719904
3813,430031676.2578719
3814,429006045.4838249
3815,427986740.21468276
3816,426965641.42278415
3817,425942745.95262766
3818,424918050.6431611
3819,423899615.60339725
3820,422881911.15943885
3821,421862416.01095605
3822,420841127.00740916
3823,419821480.7859877
3824,418807202.0724297
3825,417791138.68329895
3826,416773287.478669
3827,415753645.313089
3828,414741957.76092654
3829,413729355.7038203
3830,412714971.9228132
3831,411698803.2831773
3832,410686611.1029034
3833,409677498.2522636
3834,408666609.8183686
3835,407653942.67729706
3836,406641584.2735024
3837,405635986.9646853
3838,404628620.2595961
3839,403619481.0452048
3840,402608566.20300364
3841,401605231.98770684
3842,400601412.0036862
3843,399595825.75221086
3844,398588470.12576115
3845,397585633.0714929
3846,396585383.55722463
3847,395583374.05913776
3848,394579601.4807704
3849,393577579.69713587
3850,392580923.2976143
3851,391582513.23775333
3852,390582346.43222207
3853,389581451.23461074
3854,388588409.625563
3855,387593620.71779597
3856,386597081.43717396
3857,385598788.70415545
3858,384608211.14518666
3859,383617064.26209253
3860,382624173.4156862
3861,381629535.53770566
3862,380640686.8686331
3863,379653202.16668135
3864,378663979.9464237
3865,377673017.1509435
3866,376686186.44249433
3867,375702383.4831587
3868,374716849.48494416
3869,373729581.4023373
3870,372745050.3935555
3871,371764948.2608169
3872,370783121.6022031
3873,369799567.38366455
3874,368817610.3917509
3875,367841227.8063849
3876,366863127.2410884
3877,365883305.6733315
3878,364904528.1728775
3879,363933365.0669912
3880,362960493.1662984
3881,361985909.464435
3882,361009610.9497482
3883,360038795.6043678
3884,359071137.6145729
3885,358101776.9989327
3886,357130710.76194024
3887,356157991.9220181
3888,355195531.9659184
3889,354231378.5313568
3890,353265528.63892525
3891,352297979.3039745
3892,351334131.70543605
3893,350375168.53261185
3894,349414518.0356244
3895,348452177.2458988
3896,347488143.1896379
3897,346534690.63058937
3898,345580404.30137855
3899,344624438.8786539
3900,343666791.40832734
3901,342707609.7272046
3902,341759817.7049635
3903,340810358.01741004
3904,339859227.7305651
3905,338906423.9052901
3906,337952880.5118723
3907,337009977.58935595
3908,336065415.6056398
3909,335119191.641888
3910,334171302.77413154
3911,333223628.4860039
3912,332285595.5779472
3913,331345912.1792192
3914,330404575.3860692
3915,329461582.2896379
3916,328520346.12885654
3917,327587163.3266129
3918,326652338.56919396
3919,325715868.96787226
3920,324777751.62883717
3921,323843501.2950022
3922,322915147.9633238
3923,321985161.1756559
3924,321053538.0582298
3925,320120275.73221964
3926,319193836.63258076
3927,318270766.9738623
3928,317346073.157515
3929,316419752.3261339
3930,315491801.61728823
3931,314571631.2220762
3932,313653826.79067564
3933,312734407.46754795
3934,311813370.4115943
3935,310890712.7767204
3936,309977345.65919113
3937,309064787.20120156
3938,308150623.0835037
3939,307234850.4812465
3940,306317466.564612
3941,305411418.13805497
3942,304504085.6741033
3943,303595156.7473037
3944,302684628.5489912
3945,301774807.6790463
3946,300874265.09472287
3947,299972137.9957486
3948,299068423.5944848
3949,298163119.0983898
3950,297261649.3790061
3951,296366281.8430421
3952,295469338.89963514
3953,294570817.77717465
3954,293670715.69917554
3955,292778057.3766643
3956,291887843.20088565
3957,290996062.6867072
3958,290102713.0784791
3959,289207915.4555256
3960,288324387.0670084
3961,287439304.1051106
3962,286552663.8348853
3963,285664463.516574
3964,284779403.2142609
3965,283900974.5135324
3966,283021000.21401554
3967,282139477.5965588
3968,281256403.9372264
3969,280381488.9228315
3970,279508137.0418145
3971,278633248.4963608
3972,277756820.58304286
3973,276881245.21360314
3974,276014472.0599783
3975,275146173.8185362
3976,274276347.8062189
3977,273404991.33525044
3978,272540386.27194047
3979,271678634.4692739
3980,270815366.4155308
3981,269950579.44320625
3982,269086244.29661995
3983,268230995.0083026
3984,267374240.91141006
3985,266515979.3585735
3986,265656207.697767
3987,264803604.0044931
3988,263953319.83803904
3989,263101539.60080245
3990,262248260.66079223
3991,261396794.39509276
3992,260552936.1393536
3993,259707593.12053102
3994,258860762.726532
3995,258012442.34066775
3996,257173407.517145
3997,256334457.65475053
3998,255494031.66723776
3999,254652126.95771626
4000,253815036.78972408
4001,252982436.08278373
4002,252148370.4233546
4003,251312837.23420483
4004,250478112.24983123
4005,249651816.7817319
4006,248824067.4564904
4007,247994861.71640018
4008,247164196.99925554
4009,246342873.9802382
4010,245521397.10094553
4011,244698474.84444273
4012,243874104.66794783
4013,243055868.10964677
4014,242240619.91281363
4015,241423937.2993982
4016,240605817.74590448
4017,239791046.15173152
4018,238981983.01584402
4019,238171496.3472381
4020,237359583.6415712
4021,236548842.1857614
4022,235746909.38351148
4023,234943565.59558663
4024,234138808.33972126
4025,233332635.129285
4026,232533738.80116698
4027,231737479.24261427
4028,230939818.68203205
4029,230140754.65472516
4030,229342791.46959987
4031,228553557.84466007
4032,227762935.5810162
4033,226970922.2357283
4034,226177515.36155972
4035,225392505.90484154
4036,224609400.02823663
4037,223824916.29624107
4038,223039052.2848912
4039,222253660.78066254
4040,221478004.06531385
4041,220700982.6025305
4042,219922593.9914132
4043,219142835.82683918
4044,218369088.8521328
4045,217599462.82665366
4046,216828482.6662546
4047,216056145.98871264
4048,215282976.72919774
4049,214520679.83377513
4050,213757041.70016643
4051,212992059.96883988
4052,212225732.27611536
4053,211464938.2098402
4054,210708576.21576917
4055,209950883.4274639
4056,209191857.5037718
4057,208432524.781522
4058,207683373.5862603
4059,206932904.28526515
4060,206181114.5597118
4061,205428002.08669704
4062,204681703.94599226
4063,203938393.2328398
4064,203193774.6917521
4065,202447846.02199113
4066,201703820.69249073
4067,200967604.23176682
4068,200230092.42652008
4069,199491282.9979766
4070,198751173.66335583
4071,198020775.00693995
4072,197290306.06094393
4073,196558551.88462374
4074,195825510.21700555
4075,195098127.52991334
4076,194374638.1449145
4077,193649875.81117728
4078,192923838.28933707
4079,192199868.49318302
4080,191483295.95496568
4081,190765462.63923565
4082,190046366.32804558
4083,189326189.7752876
4084,188616471.95889863
4085,187905505.4269004
4086,187193287.98256928
4087,186479817.4253187
4088,185774344.27137312
4089,185070182.88397598
4090,184364782.5589066
4091,183658141.11664748
4092,182957077.10051104
4093,182259659.81828013
4094,181561015.4656241
4095,180861141.88390842
4096,180164821.1856309
4097,179474087.57317826
4098,178782138.6512
4099,178088972.28175408
4100,177397714.22630012
4101,176713604.45650506
4102,176028291.0328038
4103,175341771.83776435
4104,174655881.30284974
4105,173978336.16103765
4106,173299598.91673854
4107,172619667.47284466
4108,171939435.2886449
4109,171268396.17680103
4110,170596176.41077185
4111,169922773.9135954
4112,169248477.25435993
4113,168583886.1954394
4114,167918125.82861343
4115,167251194.09688333
4116,166583096.8645339
4117,165924896.50695854
4118,165265538.08683413
4119,164605019.56694955
4120,163943372.7667787
4121,163291506.38917854
4122,162638493.09457234
4123,161984330.86535937
4124,161329372.9739727
4125,160683784.4902436
4126,160037060.13635468
4127,159389197.91414395
4128,158741249.39270312
4129,158102941.05463797
4130,157463509.65663767
4131,156822953.22307876
4132,156181269.77486497
4133,155547612.4869215
4134,154915395.6490406
4135,154282066.4704133
4136,153647622.9942785
4137,153017936.07202077
4138,152392856.26497933
4139,151766676.67557472
4140,151139395.3691433
4141,150514033.97141832
4142,149896014.52660713
4143,149276907.72290432
4144,148656711.64750448
4145,148036013.74974358
4146,147424978.8533692
4147,146812868.88816473
4148,146199681.96295008
4149,145585416.18321836
4150,144979843.57500446
4151,144374655.3515294
4152,143768402.34758294
4153,143161082.6900888
4154,142560689.4312996
4155,141962348.69734323
4156,141362955.23179415
4157,140762507.1827759
4158,140167584.0588979
4159,139576017.40097833
4160,138983409.9311591
4161,138389759.81853643
4162,137800582.46550536
4163,137215717.3031021
4164,136629823.1207739
4165,136042898.10836393
4166,135459727.49181202
4167,134881492.07170388
4168,134302239.29738098
4169,133721967.3792128
4170,133145050.2615009
4171,132573373.6522225
4172,132000691.22962281
4173,131427001.22437745
4174,130856570.61967145
4175,130291382.70611459
4176,129725200.39674832
4177,129158021.9423374
4178,128594297.56001812
4179,128035529.03821343
4180,127475777.41615875
4181,126915040.96449207
4182,126358229.64117311
4183,125805812.0132611
4184,125252422.46012233
4185,124698059.27205767
4186,124148355.3925022
4187,123602220.96192682
4188,123055125.66202353
4189,122507067.80254593
4190,121964653.70977388
4191,121424735.57672316
4192,120883867.51251994
4193,120342047.84616311
4194,119807094.24104752
4195,119273326.29815888
4196,118738619.24596524
4197,118202971.4325055
4198,117675637.76314859
4199,117147954.69150919
4200,116619343.21747008
4201,116090983.08624405
4202,115570236.54911226
4203,115048573.81457587
4204,114525993.27098575
4205,114005635.1424764
4206,113490834.72698297
4207,112975128.57683717
4208,112458515.09879771
4209,111946285.78783719
4210,111437368.63035429
4211,110927556.09034932
4212,110416846.59279631
4213,109912863.12959442
4214,109409767.14103049
4215,108905786.01281811
4216,108402067.76241574
4217,107909142.50941944
4218,107415350.01188982
4219,106920688.74430306
4220,106425157.17845394
4221,105928753.78345002
4222,105443528.11681528
4223,104958021.7550092
4224,104471661.20307717
4225,103984444.95846565
4226,103496371.51597925
4227,103018189.07810892
4228,102540837.25267535
4229,102062645.5854771
4230,101583612.59920526
4231,101103736.81395301
4232,100633054.25189352
4233,100163727.49975264
4234,99693575.02639854
4235,99222595.37936501
4236,98750787.10363258
4237,98288026.1320475
4238,97826597.0926303
4239,97364356.22844002
4240,96901302.11145963
4241,96437433.31116174
4242,95982982.28919095
4243,95529325.67118905
4244,95074870.90438466
4245,94619616.584822
4246,94163561.30607729
4247,93717776.75562717
4248,93271769.30425464
4249,92824977.16316403
4250,92377398.95207989
4251,91929950.80154338
4252,91492241.35570475
4253,91053761.82046387
4254,90614510.84123039
4255,90174487.06103322
4256,89736500.80405751
4257,89306186.98346919
4258,88875116.08642173
4259,88443286.78121938
4260,88010697.73382597
4261,87582440.15527809
4262,87159404.82944748
4263,86735625.23399153
4264,86311100.05974671
4265,85885827.99524796
4266,85467539.61265446
4267,85051667.55834644
4268,84635063.83849388
4269,84217727.1661089
4270,83799656.69927827
4271,83391552.56831767
4272,82982730.43938662
4273,82573189.04954204
4274,82162927.13362023
4275,81755394.02453543
4276,81354216.13323368
4277,80952332.43095215
4278,80549741.67618895
4279,80146442.62525935
4280,79749613.31676242
4281,79355252.17729022
4282,78960197.22116867
4283,78564447.22799754
4284,78168991.6907027
4285,77782020.41594967
4286,77394368.32688524
4287,77006034.22598432
4288,76617016.9136156
4289,76232687.66887195
4290,75852307.90337351
4291,75471258.92154855
4292,75089539.54627696
4293,74707283.94338726
4294,74334048.30400415
4295,73960156.01823114
4296,73585605.9310607
4297,73210396.88545528
4298,72839602.37531164
4299,72472740.6713886
4300,72105233.53620967
4301,71737079.83449915
4302,71368964.46644667
4303,71009009.49841872
4304,70648421.25135885
4305,70287198.61136988
4306,69925340.46259631
4307,69568941.54998747
4308,69215150.35952315
4309,68860736.73535983
4310,68505699.58268097
4311,68152499.2436081
4312,67805385.47142562
4313,67457661.01426148
4314,67109324.79796752
4315,66760375.74650675
4316,66420000.809195235
4317,66079858.59333808
4318,65739117.95890814
4319,65397777.853337474
4320,65056848.89195867
4321,64724133.71479497
4322,64390833.18652962
4323,64056946.277582
4324,63722471.956561856
4325,63390581.03067859
4326,63064568.34808999
4327,62737982.10736874
4328,62410821.2996809
4329,62083084.91441957
4330,61760395.30483274
4331,61440960.35809087
4332,61120963.42665815
4333,60800403.5220618
4334,60479279.65409085
4335,60165931.41636383
4336,59852951.81836126
4337,59539421.593756184
4338,59225339.7740575
4339,58912922.422379054
4340,58606816.64514143
4341,58300172.335345685
4342,57992988.54577594
4343,57685264.32755116
4344,57382566.09125334
4345,57082666.90370227
4346,56782240.10396687
4347,56481284.76404235
4348,56180187.62224053
4349,55886895.675410435
4350,55593087.74137698
4351,55298762.912586026
4352,55003920.2798874
4353,54712829.46055868
4354,54425505.12385472
4355,54137675.29981431
4356,53849339.09935504
4357,53560495.6318309
4358,53280263.86228901
4359,52999621.56808839
4360,52718485.54327516
4361,52436854.919448845
4362,52155323.41588709
4363,51881698.10517309
4364,51607591.40957577
4365,51333002.48241202
4366,51057930.475509934
4367,50784006.63873778
4368,50516762.89481891
4369,50249048.99403791
4370,49980864.10946371
4371,49712207.412710994
4372,49446075.0258233
4373,49185073.83640128
4374,48923613.47353695
4375,48661693.12962086
4376,48399311.99562341
4377,48141127.201647855
4378,47886233.00534586
4379,47630890.38049195
4380,47375098.538378775
4381,47118856.688912384
4382,46868749.82486337
4383,46619830.42470122
4384,46370473.10826862
4385,46120677.10535079
4386,45871165.614677645
4387,45628518.97468483
4388,45385445.454668395
4389,45141944.30382672
4390,44898014.77003869
4391,44656937.97656187
4392,44420001.454741254
4393,44182648.09946436
4394,43944877.17760319
4395,43706687.95474082
4396,43474104.799834706
4397,43242756.019230336
4398,43011000.23640665
4399,42778836.7355304
4400,42547698.58914157
4401,42322214.89921354
4402,42096334.526010066
4403,41870056.77184882
4404,41643380.93782164
4405,41420952.394105576
4406,41200811.34919783
4407,40980283.02099317
4408,40759366.72834512
4409,40538878.40364607
4410,40324344.161836855
4411,40109432.50121367
4412,39894142.75798231
4413,39678474.26718182
4414,39466829.92410637
4415,39257405.6462712
4416,39047612.940187156
4417,38837451.15787547
4418,38628150.37736597
4419,38424087.58553456
4420,38219665.79829932
4421,38014884.38427379
4422,37809742.710961945
4423,37609349.35365317
4424,37410175.67837245
4425,37210651.60966122
4426,37010776.53126508
4427,36813049.03361596
4428,36619003.89531102
4429,36424617.3865442
4430,36229888.9069323
4431,36035032.83680212
4432,35845999.81592481
4433,35656634.24271499
4434,35466935.53230082
4435,35276903.0987821
4436,35091001.88231375
4437,34906543.707582526
4438,34721761.029520035
4439,34536653.27741333
4440,34353838.57881147
4441,34174177.28199983
4442,33994199.921270385
4443,33813905.94075481
4444,33634329.34553818
4445,33459357.354648508
4446,33284077.5499825
4447,33108489.390184034
4448,32932592.332945045
4449,32762270.018985923
4450,32591976.2477027
4451,32421382.893404476
4452,32250489.42921331
4453,32082065.63845223
4454,31916632.497971795
4455,31750908.325953458
4456,31584892.61056057
4457,31418603.076422576
4458,31257908.348146863
4459,31096930.92477163
4460,30935670.309123777
4461,30774126.003156338
4462,30615654.073275663
4463,30459304.073145717
4464,30302679.021897253
4465,30145778.435803045
4466,29989709.15970988
4467,29837870.286403593
4468,29685764.298514936
4469,29533390.72627627
4470,29380749.099094506
4471,29232462.14409989
4472,29084761.67546884
4473,28936801.373208337
4474,28788580.780358225
4475,28642903.171183567
4476,28499497.559256986
4477,28355839.669716332
4478,28211929.058891572
4479,28069079.75947693
4480,27930158.382483326
4481,27790992.617014006
4482,27651582.03327531
4483,27511926.20071793
4484,27375947.124797408
4485,27241152.270664435
4486,27106120.288011298
4487,26970850.759814247
4488,26836801.336050082
4489,26706590.628765184
4490,26576150.857798915
4491,26445481.620312262
4492,26314582.51275835
4493,26186334.35083629
4494,26060352.184283577
4495,25934148.393405236
4496,25807722.588447444
4497,25681074.3789716
4498,25558629.92177522
4499,25436760.737582635
4500,25314677.165098213
4501,25192378.827295706
4502,25070874.264941644
4503,24953212.730097584
4504,24835344.209379986
4505,24717268.33878237
4506,24598984.753658522
4507,24483384.234848924
4508,24369607.356662784
4509,24255630.326908477
4510,24141452.793600194
4511,24027142.18609557
4512,23917337.198459405
4513,23807339.04687541
4514,23697147.391647875
4515,23586761.892483868
4516,23478392.490208138
4517,23372256.80699957
4518,23265934.41524684
4519,23159424.986608498
4520,23052728.192165863
4521,22950641.798883583
4522,22848492.835577276
4523,22746164.17747802
4524,22643655.50858037
4525,22541355.477216348
4526,22443246.49948088
4527,22344964.934269693
4528,22246510.478077315
4529,22147882.82686503
4530,22050123.253991332
4531,21955759.469689205
4532,21861229.68671568
4533,21766533.613153826
4534,21671670.956573796
4535,21578463.23929451
4536,21487732.82236651
4537,21396842.79882059
4538,21305792.88798232
4539,21214582.808683876
4540,21125924.208832912
4541,21038718.81075541
4542,20951360.0074813
4543,20863847.529243257
4544,20776181.105799668
4545,20692056.015709817
4546,20608270.65968764
4547,20524337.91519061
4548,20440257.5230335
4549,20356736.06822083
4550,20276410.348886866
4551,20195943.327333733
4552,20115334.75508003
4553,20034584.38320769
4554,19955653.003630415
4555,19878541.42659225
4556,19801294.201793958
4557,19723911.09069925
4558,19646391.85435242
4559,19571999.359895695
4560,19498006.62872397
4561,19423883.736584175
4562,19349630.454589706
4563,19276174.867845565
4564,19205333.278693914
4565,19134367.072070777
4566,19063276.028839026
4567,18992059.929476228
4568,18923126.909420673
4569,18855217.250455424
4570,18787188.131949995
4571,18719039.343838546
4572,18651232.761342693
4573,18586282.798618145
4574,18521218.58302675
4575,18456039.913659383
4576,18390746.589254063
4577,18327405.522556525
4578,18265212.374511033
4579,18202909.82343115
4580,18140497.676937196
4581,18078421.35069954
4582,18019008.51892582
4583,17959491.175196607
4584,17899869.135733936
4585,17840142.216436848
4586,17782440.836822197
4587,17725620.77981362
4588,17668700.77206994
4589,17611680.637835074
4590,17555338.689282104
4591,17501130.892660357
4592,17446827.740712076
4593,17392429.065762583
4594,17337934.699842557
4595,17285849.89695223
4596,17234081.23118106
4597,17182221.500982944
4598,17130270.54622962
4599,17079602.937664863
4600,17030289.104662407
4601,16980888.52567064
4602,16931401.0481555
4603,16882212.508893017
4604,16835276.484245796
4605,16788257.8965354
4606,16741156.600583797
4607,16693972.450957842
4608,16648866.301162878
4609,16604155.093841536
4610,16559365.237296078
4611,16514496.593231589
4612,16470879.79954299
4613,16428403.828842197
4614,16385853.141010124
4615,16343227.60466654
4616,16301137.002059067
4617,16260826.51200287
4618,16220445.114184787
4619,16179992.68392353
4620,16139469.096318731
4621,16101244.684247464
4622,16062965.012749868
4623,16024618.00601114
4624,15986203.545632672
4625,15949479.413329156
4626,15913236.144861609
4627,15876929.123430531
4628,15840558.23693672
4629,15805351.65729686
4630,15771081.636657186
4631,15736751.33422138
4632,15702360.64399432
4633,15668682.596906802
4634,15636324.766857391
4635,15603910.018760318
4636,15571438.252535565
4637,15539293.938709902
4638,15508789.271949755
4639,15478230.947042765
4640,15447618.869641492
4641,15417008.190433035
4642,15388299.623568384
4643,15359540.558065431
4644,15330730.905132545
4645,15301870.575822078
4646,15274681.279578466
4647,15247666.2128159
4648,15220603.626467086
4649,15193493.436979039
4650,15167760.910267122
4651,15142436.422271006
4652,15117067.388550047
4653,15091653.730780678
4654,15067366.600941386
4655,15043681.051701855
4656,15019953.839748273
4657,14996184.891826568
4658,14973328.032134986
4659,14951231.502485793
4660,14929096.105310168
4661,14906921.77226911
4662,14885476.638532832
4663,14864920.872530315
4664,14844328.94929205
4665,14823700.805244854
4666,14803839.030123096
4667,14785297.282624984
4668,14766722.920611221
4669,14748115.886737924
4670,14729476.12356041
4671,14710803.573533077
4672,14694004.506517595
4673,14677318.20040068
4674,14660602.543579059
4675,14643857.484447854
4676,14627082.971311463
4677,14611318.77380438
4678,14596431.484278312
4679,14581518.008561645
4680,14566578.300613705
4681,14551612.31431293
4682,14536959.539868211
4683,14523786.33339233
4684,14510589.955822462
4685,14497370.366419425
4686,14484127.52437244
4687,14470861.38879903
4688,14459106.199306779
4689,14447545.755910523
4690,14435964.978293628
4691,14424363.830705006
4692,14412742.277330732
4693,14402115.399473818
4694,14392113.460189074
4695,14382093.928079808
4696,14372056.77221499
4697,14362001.961609285
4698,14352539.977405064
4699,14344022.66950438
4700,14335490.380217247
4701,14326943.083204195
4702,14318380.752079468
4703,14310108.457551347
4704,14303005.297148256
4705,14295889.642800763
4706,14288761.472542843
4707,14281620.764369909
4708,14274552.504114699
4709,14268796.235356325
4710,14263029.841778627
4711,14257253.305580962
4712,14251466.608931428
4713,14245669.733966783
4714,14241133.933855347
4715,14236652.506819654
4716,14232163.197347907
4717,14227665.991581993
4718,14223160.875639427
4719,14219760.898298698
4720,14216503.07670467
4721,14213239.524912193
4722,14209970.232847083
4723,14206695.190417456
4724,14204424.115803717
4725,14202331.331471583
4726,14200234.866145846
4727,14198134.713355048
4728,14196030.866616365
4729,14194875.414223902
4730,14193891.7579611
4731,14192906.371554673
4732,14191919.251962926
4733,14190930.39613883
4734,14190871.761249885
4735,14190943.85487073
4736,14191016.075295832
4737,14191088.422748117
4738,14191160.8974509
4739,14192175.508934807
4740,14193252.382925408
4741,14194331.151003575
4742,14195411.816499148
4743,14196525.181707822
4744,14198554.588777034
4745,14200587.565309048
4746,14202624.117579032
4747,14204664.251873191
4748,14206845.247563275
4749,14209782.662063677
4750,14212725.243071666
4751,14215672.999669975
4752,14218625.940957299
4753,14221838.155273397
4754,14225639.229782723
4755,14229446.989829868
4756,14233261.447167937
4757,14237082.61357065
4758,14241286.685441155
4759,14245907.644966813
4760,14250536.732053624
4761,14255173.960989602
4762,14259819.346087875
4763,14264978.901077757
4764,14270376.969968671
4765,14275784.533195656
4766,14281201.607449356
4767,14286628.209449703
4768,14292708.922244815
4769,14298843.397588056
4770,14304988.662440341
4771,14311144.73576898
4772,14317456.651962662
4773,14324276.806426551
4774,14331108.956350813
4775,14337953.12282261
4776,14344809.326966144
4777,14352008.792618074
4778,14359488.603999201
4779,14366981.571002912
4780,14374487.716755647
4781,14382007.064424448
4782,14390051.929553654
4783,14398156.384417284
4784,14406275.093472747
4785,14414408.081777448
4786,14422721.949707912
4787,14431402.459453082
4788,14440098.236505078
4789,14448809.307702068
4790,14457535.699929323
4791,14466643.72130359
4792,14475882.858746504
4793,14485138.245937537
4794,14494409.911441589
4795,14503803.512968432
4796,14513554.000457665
4797,14523321.636991225
4798,14533106.452714656
4799,14542908.47782642
4800,14553036.379510472
4801,14563285.813002992
4802,14573553.272995997
4803,14583838.79117715
4804,14594254.701858679
4805,14604957.012598896
4806,14615678.146280138
4807,14626418.13598984
4808,14637177.014873536
4809,14648279.641211757
4810,14659447.478354786
4811,14670634.957101036
4812,14681842.111976696
4813,14693139.739402972
4814,14704724.496851064
4815,14716329.62908926
4816,14727955.171932232
4817,14739601.161257586
4818,14751445.817599898
4819,14763440.377259105
4820,14775456.032349683
4821,14787492.819952723
4822,14799550.777214384
4823,14811918.898661936
4824,14824312.246691784
4825,14836727.391415874
4826,14849164.371147607
4827,14861667.732950287
4828,14874410.441356014
4829,14887175.560802542
4830,14899963.130682822
4831,14912773.19045897
4832,14925696.800701791
4833,14938785.12323728
4834,14951896.464543214
4835,14965030.865080332
4836,14978188.365380459
4837,14991502.642244048
4838,15004912.457796974
4839,15018345.857420685
4840,15031802.882569177
4841,15045283.574769255
4842,15058958.26507631
4843,15072666.759377223
4844,15086399.362918945
4845,15100156.118078107
4846,15113980.457532678
4847,15127941.497368526
4848,15141927.090499364
4849,15155937.280082032
4850,15169972.109349139
4851,15184117.64212551
4852,15198334.916229656
4853,15212577.194140388
4854,15226844.519805904
4855,15241142.680418778
4856,15255571.534014406
4857,15270025.763415087
4858,15284505.41322254
4859,15299010.528116792
4860,15313585.72226287
4861,15328232.90655038
4862,15342905.850483939
4863,15357604.599339481
4864,15372329.198472336
4865,15387148.771886036
4866,15401997.056952914
4867,15416871.45519997
4868,15431772.012524016
4869,15446723.923308827
4870,15461730.612020113
4871,15476763.692379193
4872,15491823.210771905
4873,15506909.500570888
4874,15522058.61290631
4875,15537234.367250685
4876,15552436.810429504
4877,15567665.989350412
4878,15582933.815304872
4879,15598237.139810517
4880,15613567.3773862
4881,15628924.575333312
4882,15644309.753220294
4883,15659726.396611493
4884,15675170.152242841
4885,15690641.067765368
4886,15706139.19091371
4887,15721657.354855489
4888,15737201.157325173
4889,15752772.295512358
4890,15768370.817460319
4891,15783986.149601521
4892,15799617.286642173
4893,15815275.912868278
4894,15830962.076592421
4895,15846669.905867193
4896,15862376.380577894
4897,15878110.476841956
4898,15893872.243204158
4899,15909661.728294458
4900,15925437.286940182
4901,15941235.510648403
4902,15957061.517105708
4903,15972915.355139637
4904,15988759.909838695
4905,16004611.554886578
4906,16020491.076504964
4907,16036398.52368584
4908,16052300.543185705
4909,16068184.276084462
4910,16084095.941856692
4911,16100035.589592895
4912,16116003.268469675
4913,16131940.923944877
4914,16147872.473344471
4915,16163832.039547011
4916,16179819.671789952
4917,16195835.41939713
4918,16211788.158548474
4919,16227756.186001314
4920,16243752.294244887
4921,16259776.532628462
4922,16275810.577344963
4923,16291776.378881102
4924,16307770.257163273
4925,16323792.26153318
4926,16339842.441419179
4927,16355861.172771718
4928,16371842.835148051
4929,16387852.601998245
4930,16403890.522712208
4931,16419956.64676648
4932,16435939.602082524
4933,16451927.801016387
4934,16467944.115753094
4935,16483988.59570188
4936,16500030.555165641
4937,16515988.48379731
4938,16531974.474866984
4939,16547988.577689646
4940,16564030.841666816
4941,16580005.761166355
4942,16595953.297687175
4943,16611928.87820318
4944,16627932.551996306
4945,16643951.31948259
4946,16659852.8177457
4947,16675782.27890985
4948,16691739.752114037
4949,16707725.286583489
4950,16723645.881403226
4951,16739522.137093464
4952,16755426.31112556
4953,16771358.452559564
4954,16787306.010929875
4955,16803122.45105379
4956,16818966.704197567
4957,16834838.81923568
4958,16850738.84512844
4959,16866557.91311948
4960,16882336.067731492
4961,16898141.96786714
4962,16913975.66228172
4963,16929803.95174123
4964,16945510.24346521
4965,16961244.154205855
4966,16977005.73249563
4967,16992795.026952248
4968,17008465.8128273
4969,17024122.34472359
4970,17039806.40796243
4971,17055518.05092168
4972,17071180.122730214
4973,17086754.244140197
4974,17102355.75183866
4975,17117984.693948098
4976,17133630.875526976
4977,17149109.291958783
4978,17164614.92624794
4979,17180147.826220438
4980,17195708.039786234
4981,17211183.05663311
4982,17226588.541411955
4983,17242021.115628097
4984,17257480.826881304
4985,17272954.67233192
4986,17288256.10466423
4987,17303584.443325598
4988,17318939.735593565
4989,17334322.028828558
4990,17349597.79706162
4991,17364818.338340517
4992,17380065.6435333
4993,17395339.759666637
4994,17410594.50426768
4995,17425704.010251496
4996,17440840.08476399
4997,17456002.774488032
4998,17471192.12618835
4999,17486223.373832643
5000,17501245.276117813
5001,17516293.592714217
5002,17531368.37003309
5003,17546359.06670925
5004,17561264.136404313
5005,17576195.41483349
5006,17591152.948046353
5007,17606094.46095271
5008,17620880.299448226
5009,17635692.136884358
5010,17650530.018941585
5011,17665393.99138046
5012,17680078.12178792
5013,17694768.35949734
5014,17709484.42787066
5015,17724226.37229207
5016,17738842.685770966
5017,17753409.392238848
5018,17768001.71201856
5019,17782619.690111917
5020,17797159.798699316
5021,17811601.253916934
5022,17826068.102071334
5023,17840560.38777666
5024,17855015.988601644
5025,17869330.669431705
5026,17883670.520146824
5027,17898035.584968686
5028,17912398.497141443
5029,17926585.06368607
5030,17940796.57470948
5031,17955033.074036915
5032,17969294.60557046
5033,17983352.55301118
5034,17997434.552929256
5035,18011541.313290466
5036,18025672.87759607
5037,18039621.934507214
5038,18053573.41088993
5039,18067549.41807634
5040,18081549.999163717
5041,18095382.673651468
5042,18109202.762003742
5043,18123047.150001824
5044,18136915.88033645
5045,18150624.890482336
5046,18164312.863945134
5047,18178024.904619563
5048,18191761.05478752
5049,18205339.34462973
5050,18218894.60437852
5051,18232473.69785357
5052,18246076.66692609
5053,18259517.419428438
5054,18272939.48571958
5055,18286385.15140984
5056,18299854.457958248
5057,18313151.105319478
5058,18326439.609139454
5059,18339751.47738434
5060,18353086.75109991
5061,18366232.982718885
5062,18379387.657993812
5063,18392565.462253455
5064,18405758.38128155
5065,18418756.204507977
5066,18431776.88083447
5067,18444820.450407706
5068,18457850.500053544
5069,18470714.478279307
5070,18483601.074139833
5071,18496510.327367663
5072,18509371.914196417
5073,18522102.04845226
5074,18534854.56488126
5075,18547629.502801795
5076,18560317.31053719
5077,18572913.678356692
5078,18585532.193025906
5079,18598172.89344939
5080,18610681.88246336
5081,18623144.63236779
5082,18635629.294061568
5083,18648135.906035867
5084,18660461.311817296
5085,18672790.65816265
5086,18685141.68161581
5087,18697476.938147694
5088,18709651.750996653
5089,18721847.969157334
5090,18734065.630230416
5091,18746207.555553854
5092,18758249.805307772
5093,18770313.227173615
5094,18782397.858341873
5095,18794342.44543477
5096,18806252.51561082
5097,18818183.525375225
5098,18830121.36801567
5099,18841879.018893633
5100,18853657.341287117
5101,18865456.37150652
5102,18877167.178610668
5103,18888741.795731336
5104,18900336.762440212
5105,18911952.114481777
5106,18923587.88766317
5107,18935011.757538356
5108,18946424.720635377
5109,18957857.748952165
5110,18969310.877733096
5111,18980683.04531777
5112,18991915.417298064
5113,19003167.536871698
5114,19014439.43872471
5115,19025731.157603957
5116,19036803.63039637
5117,19047876.3094172
5118,19058968.455117077
5119,19070080.10168807
5120,19081084.70302755
5121,19091979.45613101
5122,19102893.362979256
5123,19113826.45721424
5124,19124752.179877207
5125,19135446.01216729
5126,19146158.64484473
5127,19156890.110930428
5128,19167640.443503156
5129,19178328.473860607
5130,19188842.247388113
5131,19199374.50459493
5132,19209925.277945146
5133,19220494.599959724
5134,19230934.16624458
5135,19241263.78486292
5136,19251611.563255288
5137,19261977.533316348
5138,19272361.726996664
5139,19282569.714153115
5140,19292716.619012453
5141,19302881.362278268
5142,19313063.975280225
5143,19323264.489402935
5144,19333235.249298245
5145,19343200.890211605
5146,19353184.05071676
5147,19363184.76158295
5148,19373162.942890543
5149,19382931.598650396
5150,19392717.427583676
5151,19402520.459850796
5152,19412340.725664992
5153,19422069.630641703
5154,19431660.235593133
5155,19441267.700560253
5156,19450892.05515296
5157,19460533.32903306
5158,19470009.242587827
5159,19479423.232516926
5160,19488853.77183221
5161,19498300.889597543
5162,19507761.71364933
5163,19516972.89635077
5164,19526200.271797508
5165,19535443.868426632
5166,19544703.714725126
5167,19553944.14399183
5168,19562971.686971337
5169,19572015.099726252
5170,19581074.410126016
5171,19590149.646088887
5172,19599162.641299747
5173,19608009.2003117
5174,19616871.31080229
5175,19625749.000081494
5176,19634642.29550716
5177,19643421.535667617
5178,19652089.770909913
5179,19660773.244014982
5180,19669471.981741555
5181,19678186.010895256
5182,19686725.866562247
5183,19695218.438895144
5184,19703725.940156873
5185,19712248.396563195
5186,19720776.372105617
5187,19729081.340594806
5188,19737400.9081199
5189,19745735.10031698
5190,19754083.942867007
5191,19762359.37559893
5192,19770494.290594064
5193,19778643.505560577
5194,19786807.04560889
5195,19794984.935893446
5196,19803004.135552827
5197,19810971.636010535
5198,19818953.142018344
5199,19826948.678169236
5200,19834929.108937126
5201,19842718.130946532
5202,19850520.844666805
5203,19858337.274139497
5204,19866167.443448238
5205,19873882.220175903
5206,19881509.354511037
5207,19889149.89585962
5208,19896803.867762838
5209,19904463.698882036
5210,19911918.43598307
5211,19919386.27695613
5212,19926867.244809784
5213,19934361.362592846
5214,19941748.39208488
5215,19949046.68794109
5216,19956357.812554028
5217,19963681.788448755
5218,19971000.03961116
5219,19978131.911634337
5220,19985276.319780838
5221,19992433.28606155
5222,19999602.8325259
5223,20006643.21879856
5224,20013624.001912452
5225,20020617.05545084
5226,20027622.400957648
5227,20034582.34407507
5228,20041402.557109226
5229,20048234.758231778
5230,20055078.968490623
5231,20061935.208970536
5232,20068614.122729566
5233,20075288.494225446
5234,20081974.59734252
5235,20088672.45267798
5236,20095261.25221059
5237,20101780.778476633
5238,20108311.764098223
5239,20114854.22919422
5240,20121346.892420202
5241,20127714.51873046
5242,20134093.337311253
5243,20140483.367812183
5244,20146874.361520898
5245,20153092.993410077
5246,20159322.55559543
5247,20165563.06726635
5248,20171814.54764579
5249,20177919.830129284
5250,20184003.00624119
5251,20190096.874452744
5252,20196201.453534756
5253,20202198.984766267
5254,20208138.60438367
5255,20214088.663691856
5256,20220049.18101817
5257,20225934.721118715
5258,20231733.572744325
5259,20237542.616556536
5260,20243361.870447934
5261,20249131.59115585
5262,20254792.421961233
5263,20260463.20228107
5264,20266143.94958161
5265,20271794.415876813
5266,20277319.931519397
5267,20282855.158763204
5268,20288400.11465657
5269,20293928.26678264
5270,20299321.131287936
5271,20304723.474166956
5272,20310135.31205831
5273,20315538.447964408
5274,20320801.283667993
5275,20326073.36913013
5276,20331354.720587842
5277,20336630.478808027
5278,20341765.86635177
5279,20346910.279577877
5280,20352063.734329753
5281,20357210.07731301
5282,20362220.55569101
5283,20367239.840140894
5284,20372267.94612028
5285,20377283.144021578
5286,20382171.210671186
5287,20387067.8681748
5288,20391973.131611966
5289,20396854.656463448
5290,20401617.384519164
5291,20406388.48307027
5292,20411167.966809295
5293,20415931.74258988
5294,20420571.760612298
5295,20425219.93339455
5296,20429876.275250226
5297,20434520.352094833
5298,20439040.240853086
5299,20443568.0731746
5300,20448103.86300197
5301,20452626.599986043
5302,20457028.892742194
5303,20461438.922320385
5304,20465856.702300135
5305,20470256.75075929
5306,20474543.933583703
5307,20478838.650861334
5308,20483140.915816233
5309,20487417.203216225
5310,20491591.71533044
5311,20495773.56381897
5312,20499962.761557996
5313,20504114.475911736
5314,20508178.71005601
5315,20512250.08670388
5316,20516328.61839106
5317,20520355.19321834
5318,20524311.496040847
5319,20528274.751623355
5320,20532244.972168315
5321,20536146.071991764
5322,20539996.744457178
5323,20543854.18398572
5324,20547718.402453702
5325,20551493.908823866
5326,20555241.206638422
5327,20558995.08978635
5328,20562755.569824792
5329,20566405.56786586
5330,20570051.70191723
5331,20573704.243460458
5332,20577347.054938324
5333,20580887.969207127
5334,20584435.10601645
5335,20587988.476286408
5336,20591503.868148264
5337,20594948.077792317
5338,20598398.3399772
5339,20601854.665324457
5340,20605243.312306803
5341,20608592.8928613
5342,20611948.35960711
5343,20615309.72287367
5344,20618572.453772247
5345,20621829.437894203
5346,20625092.14543273
5347,20628337.549538232
5348,20631498.37309445
5349,20634664.75104583
5350,20637836.693139214
5351,20640955.834602825
5352,20644028.15591756
5353,20647105.876052584
5354,20650189.00448152
5355,20653153.319014397
5356,20656104.816364065
5357,20659061.500165194
5358,20662023.37951862
5359,20664983.748279024
5360,20667818.28227507
5361,20670657.79714157
5362,20673502.30161842
5363,20676351.804460812
5364,20679171.09462059
5365,20681897.191808295
5366,20684628.07925987
5367,20687363.765380535
5368,20690104.258590233
5369,20692782.5831326
5370,20695403.497853287
5371,20698029.017953955
5372,20700659.15151522
5373,20703293.906631827
5374,20705831.777687833
5375,20708350.671485793
5376,20710873.991339352
5377,20713401.745014265
5378,20715916.534131605
5379,20718332.233105
5380,20720752.17676205
5381,20723176.37255014
5382,20725604.82792969
5383,20727977.570113555
5384,20730297.46937577
5385,20732621.4449365
5386,20734949.503947496
5387,20737281.65357305
5388,20739513.95808293
5389,20741740.947871927
5390,20743971.850656603
5391,20746206.673302047
5392,20748406.02553578
5393,20750539.16346074
5394,20752676.04943655
5395,20754816.690038767
5396,20756961.091854442
5397,20759020.638562556
5398,20761066.54904477
5399,20763116.054265976
5400,20765169.160532597
5401,20767190.155012447
5402,20769148.035796892
5403,20771109.35661191
5404,20773074.123492364
5405,20775042.342483692
5406,20776925.405541204
5407,20778801.399783097
5408,20780680.690134745
5409,20782563.28237838
5410,20784403.737353526
5411,20786197.172216248
5412,20787993.758097947
5413,20789793.5005262
5414,20791588.268880133
5415,20793301.823377002
5416,20795018.388511915
5417,20796737.969566092
5418,20798460.571829952
5419,20800120.640634146
5420,20801759.782827374
5421,20803401.804879595
5422,20805046.711842448
5423,20806652.596260473
5424,20808201.15814368
5425,20809752.44071208
5426,20811306.448738035
5427,20812863.18700223
5428,20814392.756888445
5429,20815857.02470541
5430,20817323.86507413
5431,20818793.282506976
5432,20820265.28152422
5433,20821716.50658081
5434,20823099.755711436
5435,20824485.435018636
5436,20825873.54876491
5437,20827264.10122025
5438,20828635.513311148
5439,20829940.888151534
5440,20831248.55632125
5441,20832558.521842677
5442,20833870.788745206
5443,20835161.424237892
5444,20836391.94309548
5445,20837624.623741407
5446,20838859.46996723
5447,20840096.48557112
5448,20841305.83216805
5449,20842464.39199194
5450,20843624.98715605
5451,20844787.621230047
5452,20845952.297789842
5453,20847080.245553028
5454,20848169.626503658
5455,20849260.92123391
5456,20850354.133100152
5457,20851449.265464615
5458,20852496.061753776
5459,20853518.93161605
5460,20854543.59838729
5461,20855570.0652188
5462,20856598.335267372
5463,20857564.54332812
5464,20858523.46177217
5465,20859484.064754363
5466,20860446.355228826
5467,20861400.948139478
5468,20862296.797108382
5469,20863194.21980184
5470,20864093.21897959
5471,20864993.797406215
5472,20865866.943268944
5473,20866703.755851492
5474,20867542.038427845
5475,20868381.79357577
5476,20869223.023877524
5477,20870016.130600788
5478,20870796.162259467
5479,20871577.564146187
5480,20872360.33866371
5481,20873134.999521263
5482,20873859.141332652
5483,20874584.555178456
5484,20875311.243289195
5485,20876039.207899235
5486,20876734.696986128
5487,20877406.3874531
5488,20878079.25779954
5489,20878753.310094263
5490,20879426.6920613
5491,20880046.827330913
5492,20880668.051905327
5493,20881290.36769451
5494,20881913.77661179
5495,20882509.760145336
5496,20883081.418218248
5497,20883654.080426913
5498,20884227.748531934
5499,20884799.165949963
5500,20885323.24784753
5501,20885848.2503
5502,20886374.174921375
5503,20886901.023328446
5504,20887397.508190557
5505,20887876.759248428
5506,20888356.852101818
5507,20888837.78822659
5508,20889308.222761624
5509,20889743.548820604
5510,20890179.639511723
5511,20890616.49617553
5512,20891054.12015491
5513,20891452.60176278
5514,20891846.441154055
5515,20892240.972296532
5516,20892636.196402933
5517,20893007.925362125
5518,20893361.188807726
5519,20893715.072727527
5520,20894069.578209285
5521,20894413.536419567
5522,20894727.826873556
5523,20895042.669342007
5524,20895358.0647926
5525,20895673.44773173
5526,20895950.29873391
5527,20896227.635986008
5528,20896505.46034041
5529,20896783.772651
5530,20897032.53451237
5531,20897273.836119633
5532,20897515.56153214
5533,20897757.71149278
5534,20897978.44012751
5535,20898185.111756947
5536,20898392.146365017
5537,20898599.54458798
5538,20898791.887541648
5539,20898965.273605026
5540,20899138.964183223
5541,20899312.959809992
5542,20899476.706111692
5543,20899618.092309076
5544,20899759.72681706
5545,20899901.610070877
5546,20900036.67495536
5547,20900147.290716913
5548,20900258.100745562
5549,20900369.105381794
5550,20900475.51625196
5551,20900556.53708174
5552,20900637.70020101
5553,20900719.005859163
5554,20900796.889402084
5555,20900849.439127576
5556,20900902.08114005
5557,20900954.815601256
5558,20901004.38597633
5559,20901029.538907044
5560,20901054.736010294
5561,20901079.9773635
5562,20901101.525386248
5563,20901100.308385186
5564,20901099.089246906
5565,20901097.86796767
5566,20901091.751218062
5567,20901065.145689018
5568,20901038.49343779
5569,20901011.794382464
5570,20900978.428170737
5571,20900927.371964846
5572,20900876.22610001
5573,20900824.990419116
5574,20900764.839546613
5575,20900690.228791155
5576,20900615.48701491
5577,20900540.61398829
5578,20900454.185244914
5579,20900356.876097377
5580,20900259.396071896
5581,20900161.74486902
5582,20900047.09155567
5583,20899924.224037897
5584,20899801.14076407
5585,20899677.841356106
5586,20899550.43730677
5587,20899403.14662617
5588,20899255.597306147
5589,20899107.7888935
5590,20898959.720934257
5591,20898796.032695867
5592,20898625.094628103
5593,20898453.85640223
5594,20898282.317492317
5595,20898105.26960726
5596,20897911.963154964
5597,20897718.31727201
5598,20897524.33136369
5599,20897330.004834224
5600,20897114.14813003
5601,20896893.836467832
5602,20896673.137963377
5603,20896452.05193889
5604,20896230.577715445
5605,20896003.011710454
5606,20895756.954924658
5607,20895510.466099415
5608,20895263.544477798
5609,20895016.189301554
5610,20894768.399811134
5611,20894505.84765332
5612,20894234.904616322
5613,20893963.48585438
5614,20893691.59053408
5615,20893419.21782055
5616,20893144.568231907
5617,20892850.478243075
5618,20892555.87189776
5619,20892260.74829138
5620,20891965.1065178
5621,20891668.9456693
5622,20891360.981261097
5623,20891044.40654819
5624,20890727.276013855
5625,20890409.58868443
5626,20890091.34358456
5627,20889770.151798423
5628,20889432.743430413
5629,20889094.74267444
5630,20888756.148492835
5631,20888416.959846124
5632,20888077.175693024
5633,20887724.467328135
5634,20887366.653887894
5635,20887008.21224973
5636,20886649.141313307
5637,20886289.43997637
5638,20885923.07887906
5639,20885546.436262105
5640,20885169.132403154
5641,20884791.16614401
5642,20884412.5363245
5643,20884031.982112672
5644,20883637.424612455
5645,20883242.17443272
5646,20882846.2303603
5647,20882449.59117988
5648,20882052.255674034
5649,20881642.851696823
5650,20881230.50628006
5651,20880817.43697364
5652,20880403.642509766
5653,20879989.121618457
5654,20879565.840163648
5655,20879137.19001007
5656,20878707.787358996
5657,20878277.630892552
5658,20877846.71929064
5659,20877409.39643474
5660,20876965.175424572
5661,20876520.17459869
5662,20876074.392591465
5663,20875627.828034915
5664,20875176.406274978
5665,20874717.29537892
5666,20874257.378545646
5667,20873796.65436384
5668,20873335.121419773
5669,20872869.63182521
5670,20872396.26257718
5671,20871922.062380284
5672,20871447.02977949
5673,20870971.16331725
5674,20870491.709898364
5675,20870004.66764506
5676,20869516.77045998
5677,20869028.016846184
5678,20868538.405304078
5679,20868045.1513607
5680,20867544.978301805
5681,20867043.92728118
5682,20866541.99676162
5683,20866039.1852032
5684,20865532.341439504
5685,20865019.539471183
5686,20864505.83739334
5687,20863991.233630024
5688,20863475.726602573
5689,20862955.54081476
5690,20862430.574188937
5691,20861904.686121807
5692,20861377.875000164
5693,20860850.139207985
5694,20860316.887370598
5695,20859780.18518112
5696,20859242.540972844
5697,20858703.95309661
5698,20858164.4199004
5699,20857618.398493953
5700,20857070.35700078
5701,20856521.35360792
5702,20855971.3866315
5703,20855420.009598732
5704,20854861.97382337
5705,20854302.958624724
5706,20853742.962288305
5707,20853181.983096614
5708,20852618.05226239
5709,20852049.39836103
5710,20851479.746423278
5711,20850909.09470212
5712,20850337.44144753
5713,20849761.308213238
5714,20849182.345872067
5715,20848602.367425963
5716,20848021.371096376
5717,20847439.322668172
5718,20846851.368519645
5719,20846262.382504534
5720,20845672.362816762
5721,20845081.30764713
5722,20844487.418012246
5723,20843889.718764838
5724,20843290.97057288
5725,20842691.171600513
5726,20842090.320008676
5727,20841484.94804892
5728,20840877.74305202
5729,20840269.472453706
5730,20839660.13438903
5731,20839048.51001663
5732,20838432.662656147
5733,20837815.734548308
5734,20837197.72380175
5735,20836578.62852181
5736,20835957.522419397
5737,20835332.235365342
5738,20834705.851024877
5739,20834078.36747778
5740,20833449.782800473
5741,20832819.26050917
5742,20832184.775204446
5743,20831549.17649896
5744,20830912.462444395
5745,20830274.631089047
5746,20829634.7796775
5747,20828991.314477313
5748,20828346.720146224
5749,20827700.994708475
5750,20827054.136184894
5751,20826405.058644045
5752,20825752.81055322
5753,20825099.41794807
5754,20824444.878826026
5755,20823789.191181034
5756,20823131.00168955
5757,20822470.147968404
5758,20821808.134661548
5759,20821144.95974016
5760,20820480.621171877
5761,20819813.4411202
5762,20819144.14076864
5763,20818473.66604002
5764,20817802.014879715
5765,20817129.18522956
5766,20816453.139903273
5767,20815775.53503214
5768,20815096.741242938
5769,20814416.75645572
5770,20813735.37618891
5771,20813050.79442182
5772,20812365.01151982
5773,20811678.025381695
5774,20810989.83390255
5775,20810299.670970555
5776,20809607.037305344
5777,20808913.188409317
5778,20808218.122156687
5779,20807521.83641797
5780,20806823.027370125
5781,20806122.440298777
5782,20805420.624074478
5783,20804717.57654723
5784,20804013.18506012
5785,20803305.97147594
5786,20802597.517139066
5787,20801887.819879286
5788,20801176.87752261
5789,20800463.965833217
5790,20799748.973306768
5791,20799032.726413436
5792,20798315.222959325
5793,20797596.46074671
5794,20796875.15715623
5795,20796152.44970077
5796,20795428.474377587
5797,20794703.228969265
5798,20793976.22441241
5799,20793247.13529519
5800,20792516.76714239
5801,20791785.117717158
5802,20791052.18477878
5803,20790316.91953272
5804,20789580.228191312
5805,20788842.244513046
5806,20788102.96623794
5807,20787361.92859286
5808,20786618.975033637
5809,20785874.718180753
5810,20785129.155755177
5811,20784382.27780129
5812,20783633.114995617
5813,20782882.638033092
5814,20782130.844615795
5815,20781377.7324418
5816,20780622.74467578
5817,20779866.09327399
5818,20779108.11461614
5819,20778348.80638152
5820,20777587.949578464
5821,20776825.162583075
5822,20776061.03759918
5823,20775295.572287414
5824,20774528.764304347
5825,20773759.91385454
5826,20772989.675148003
5827,20772218.085420374
5828,20771445.14230964
5829,20770670.364462867
5830,20769893.978540838
5831,20769116.230846446
5832,20768337.11899901
5833,20767556.640613675
5834,20766774.15956833
5835,20765990.287729677
5836,20765205.041028053
5837,20764418.417060018
5838,20763630.224768315
5839,20762840.25606394
5840,20762048.901835244
5841,20761256.159660265
5842,20760462.02711281
5843,20759666.13128072
5844,20758868.690852128
5845,20758069.851835508
5846,20757269.611786213
5847,20756467.901128918
5848,20755664.373769503
5849,20754859.43717979
5850,20754053.088896602
5851,20753245.32645252
5852,20752435.971469067
5853,20751624.95217152
5854,20750812.510546554
5855,20749998.644108273
5856,20749183.350366455
5857,20748366.355812725
5858,20747547.83056821
5859,20746727.869875737
5860,20745906.47122666
5861,20745083.60332803
5862,20744258.999467727
5863,20743432.949534386
5864,20742605.451000873
5865,20741776.501335703
5866,20740945.963748183
5867,20740113.825271346
5868,20739280.227552786
5869,20738445.168042526
5870,20737608.644186173
5871,20736770.435131807
5872,20735930.734977555
5873,20735089.562366642
5874,20734246.914726183
5875,20733402.712611042
5876,20732556.90315965
5877,20731709.61057542
5878,20730860.83226691
5879,20730010.56563819
5880,20729158.657452196
5881,20728305.234713238
5882,20727450.315538224
5883,20726593.897312626
5884,20725735.918457236
5885,20724876.35235334
5886,20724015.279079232
5887,20723152.696001787
5888,20722288.600483295
5889,20721422.870564487
5890,20720555.621224504
5891,20719686.851290714
5892,20718816.558106683
5893,20717944.711231843
5894,20717071.27034888
5895,20716196.29805531
5896,20715319.791675996
5897,20714441.7485311
5898,20713562.121854957
5899,20712680.928926617
5900,20711798.19104577
5901,20710913.905513752
5902,20710028.068082914
5903,20709140.633718528
5904,20708251.64349928
5905,20707361.094707612
5906,20706468.984621234
5907,20705575.299153633
5908,20704680.033449776
5909,20703783.1982125
5910,20702884.790700544
5911,20701984.808167882
5912,20701083.242225226
5913,20700180.095242813
5914,20699275.364962235
5915,20698369.048618387
5916,20697461.14792206
5917,20696551.661961205
5918,20695640.581631877
5919,20694727.904149752
5920,20693813.6267257
5921,20692897.77137046
5922,20691980.31193733
5923,20691061.24421186
5924,20690140.565385614
5925,20689218.293252353
5926,20688294.424031503
5927,20687368.93532588
5928,20686441.824307665
5929,20685513.094144646
5930,20684582.7829547
5931,20683650.841032065
5932,20682717.26552942
5933,20681782.053594537
5934,20680845.250628587
5935,20679906.82187038
5936,20678966.74820677
5937,20678025.026765905
5938,20677081.68685317
5939,20676136.738721136
5940,20675190.134302218
5941,20674241.870704845
5942,20673291.945032436
5943,20672340.441659108
5944,20671387.270840418
5945,20670432.429380562
5946,20669475.914363116
5947,20668517.782049336
5948,20667558.00802667
5949,20666596.551836617
5950,20665633.41054276
5951,20664668.608560346
5952,20663702.193456154
5953,20662734.08459291
5954,20661764.279014178
5955,20660792.77375839
5956,20659819.67213422
5957,20658844.871656917
5958,20657868.362785183
5959,20656890.142537214
5960,20655910.286509596
5961,20654928.75454878
5962,20653945.502445724
5963,20652960.527198303
5964,20651973.8765173
5965,20650985.572336968
5966,20649995.536196224
5967,20649003.76507253
5968,20648010.282810133
5969,20647015.18262204
5970,20646018.338614736
5971,20645019.747745153
5972,20644019.40696494
5973,20643017.383305527
5974,20642013.69036679
5975,20641008.23861553
5976,20640001.02498275
5977,20638992.046394136
5978,20637981.422651973
5979,20636969.067999564
5980,20635954.939422175
5981,20634939.03382468
5982,20633921.364973508
5983,20632902.064580828
5984,20631880.97814575
5985,20630858.102552176
5986,20629833.434678614
5987,20628807.055345744
5988,20627778.96737539
5989,20626749.078032747
5990,20625717.3841752
5991,20624683.882654704
5992,20623648.731642254
5993,20622611.78408162
5994,20621573.019694395
5995,20620532.43531124
5996,20619490.093754184
5997,20618446.0428346
5998,20617400.16269877
5999,20616352.450155955
6000,20615302.90200989
6001,20614251.67472408
6002,20613198.632986218
6003,20612143.746351153
6004,20611087.011601023
6005,20610028.498466495
6006,20608968.24867259
6007,20607906.14141104
6008,20606842.17344228
6009,20605776.341521136
6010,20604708.826183528
6011,20603639.451189544
6012,20602568.20281486
6013,20601495.077792432
6014,20600420.180253465
6015,20599343.48987538
6016,20598264.91336089
6017,20597184.44742087
6018,20596102.12392947
6019,20595018.06999291
6020,20593932.11708103
6021,20592844.261882573
6022,20591754.501080524
6023,20590663.002407003
6024,20589569.62433653
6025,20588474.33103424
6026,20587377.119160786
6027,20586278.096330896
6028,20585177.24385427
6029,20584074.463115625
6030,20582969.750753105
6031,20581863.159335647
6032,20580754.782734267
6033,20579644.46475486
6034,20578532.20201292
6035,20577417.997361332
6036,20576302.046458516
6037,20575184.14097508
6038,20574064.277503747
6039,20572942.45263133
6040,20571818.83890037
6041,20570693.295202255
6042,20569565.780203376
6043,20568436.29046759
6044,20567304.962334555
6045,20566171.729273353
6046,20565036.511510313
6047,20563899.305586115
6048,20562760.217446543
6049,20561619.243444573
6050,20560476.271250695
6051,20559331.297382344
6052,20558184.403342113
6053,20557035.63639945
6054,20555884.857685164
6055,20554732.063693237
6056,20553577.31755582
6057,20552420.70525631
6058,20551262.067515027
6059,20550101.40080243
6060,20548938.756058574
6061,20547774.24557487
6062,20546607.6958882
6063,20545439.103445265
6064,20544268.51326487
6065,20543096.051362593
6066,20541921.53640438
6067,20540744.964813035
6068,20539566.382038515
6069,20538385.915079676
6070,20537203.381119475
6071,20536018.776556652
6072,20534832.153697673
6073,20533643.627643302
6074,20532453.020549003
6075,20531260.328789335
6076,20530065.618018534
6077,20528868.978430916
6078,20527670.243670963
6079,20526469.410088904
6080,20525266.563238543
6081,20524061.755282618
6082,20522854.83792752
6083,20521645.80749894
6084,20520434.776058003
6085,20519221.74450265
6086,20518006.589226115
6087,20516789.306529414
6088,20515570.041641355
6089,20514348.730859905
6090,20513125.28193946
6091,20511899.691156186
6092,20510672.14361693
6093,20509442.497587573
6094,20508210.698904913
6095,20506976.74382012
6096,20505740.86407634
6097,20504502.82638203
6098,20503262.621422954
6099,20502020.29156336
6100,20500775.98357275
6101,20499529.497400917
6102,20498280.829255052
6103,20497030.080013156
6104,20495777.281118557
6105,20494522.28926044
6106,20493265.100620512
6107,20492005.95232482
6108,20490744.707614988
6109,20489481.255239937
6110,20488215.591356076
6111,20486947.712113224
6112,20485677.77893941
6113,20484405.83324579
6114,20483131.66126062
6115,20481855.2591083
6116,20480576.622906502
6117,20479295.748766247
6118,20478012.969648417
6119,20476727.987788714
6120,20475440.756948188
6121,20474151.27321216
6122,20472859.532659233
6123,20471565.680621263
6124,20470269.797845166
6125,20468971.647118002
6126,20467671.224492453
6127,20466368.526014406
6128,20465063.547722947
6129,20463756.650734313
6130,20462447.488141343
6131,20461136.034488928
6132,20459822.285790004
6133,20458506.238050647
6134,20457188.10201947
6135,20455867.834798023
6136,20454545.257196598
6137,20453220.365194917
6138,20451893.154765736
6139,20450563.703498445
6140,20449232.238098964
6141,20447898.442838177
6142,20446562.313662283
6143,20445223.846510522
6144,20443883.037315138
6145,20442540.24526085
6146,20441195.137838174
6147,20439847.67682317
6148,20438497.858121227
6149,20437145.677630734
6150,20435791.399680454
6151,20434434.88479692
6152,20433075.996480078
6153,20431714.730601244
6154,20430351.083024625
6155,20428985.24090875
6156,20427617.222464122
6157,20426246.810580138
6158,20424874.001093745
6159,20423498.789834727
6160,20422121.304624014
6161,20420741.68571172
6162,20419359.653187603
6163,20417975.20285397
6164,20416588.33050587
6165,20415199.12260453
6166,20413807.805506367
6167,20412414.05445614
6168,20411017.865221214
6169,20409619.233561654
6170,20408218.222700927
6171,20406815.108881462
6172,20405409.540600546
6173,20404001.513590325
6174,20402591.023575563
6175,20401178.128807638
6176,20399763.118908357
6177,20398345.633867726
6178,20396925.66938234
6179,20395503.22114147
6180,20394078.360833634
6181,20392651.354667075
6182,20391221.852507334
6183,20389789.850015245
6184,20388355.34284419
6185,20386918.434673276
6186,20385479.331216786
6187,20384037.710741993
6188,20382593.568873648
6189,20381146.901229
6190,20379697.86217569
6191,20378246.559565213
6192,20376792.7187366
6193,20375336.335278243
6194,20373877.40477096
6195,20372416.151114408
6196,20370952.54663809
6197,20369486.38256768
6198,20368017.654454928
6199,20366546.357843902
6200,20365072.805156194
6201,20363596.795247782
6202,20362118.204191808
6203,20360637.027503043
6204,20359153.26068854
6205,20357667.323829204
6206,20356178.804061558
6207,20354687.681413885
6208,20353193.9513637
6209,20351697.717172354
6210,20350199.20249126
6211,20348698.067569505
6212,20347194.30785487
6213,20345687.918787263
6214,20344179.146244645
6215,20342667.93229709
6216,20341154.076051947
6217,20339637.572919145
6218,20338118.41830077
6219,20336597.02024734
6220,20335073.000165675
6221,20333546.31554644
6222,20332016.96176146
6223,20330485.07438388
6224,20328950.82271713
6225,20327413.88874688
6226,20325874.267814554
6227,20324331.95525357
6228,20322787.284526955
6229,20321240.032895096
6230,20319690.0763879
6231,20318137.410308134
6232,20316582.124704823
6233,20315024.486651927
6234,20313464.125692796
6235,20311901.037099324
6236,20310335.216135297
6237,20308766.986953594
6238,20307196.152213115
6239,20305622.57165792
6240,20304046.24052068
6241,20302467.269000847
6242,20300885.890694477
6243,20299301.74827367
6244,20297714.83693977
6245,20296125.151885934
6246,20294533.07413342
6247,20292938.29948438
6248,20291340.73747091
6249,20289740.383254573
6250,20288137.433766343
6251,20286531.956064828
6252,20284923.672426432
6253,20283312.577980995
6254,20281698.699058376
6255,20280082.447015636
6256,20278463.370341748
6257,20276841.464134555
6258,20275216.72348353
6259,20273589.49955226
6260,20271959.5579641
6261,20270326.767993573
6262,20268691.12469792
6263,20267052.839093704
6264,20265411.960241325
6265,20263768.214033917
6266,20262121.595496275
6267,20260472.18925112
6268,20258820.30031053
6269,20257165.52491786
6270,20255507.858065266
6271,20253847.294736363
6272,20252184.299486842
6273,20250518.421482634
6274,20248849.632763427
6275,20247177.92827996
6276,20245503.748430297
6277,20243826.788362227
6278,20242146.89836297
6279,20240464.07335041
6280,20238778.308233753
6281,20237090.072444152
6282,20235399.007912148
6283,20233704.98899283
6284,20232008.010562316
6285,20230308.067487985
6286,20228605.684376534
6287,20226900.39769677
6288,20225192.131972745
6289,20223480.882038496
6290,20221766.64891098
6291,20220050.020138115
6292,20218330.392661154
6293,20216607.761280566
6294,20214882.120787963
6295,20213153.57516776
6296,20211422.51099567
6297,20209688.423098814
6298,20207951.30623496
6299,20206211.15515293
6300,20204468.203505103
6301,20202722.583535496
6302,20200973.91461514
6303,20199222.191458777
6304,20197467.40877213
6305,20195709.9567791
6306,20193949.659626603
6307,20192186.28809047
6308,20190419.836842075
6309,20188650.30054368
6310,20186878.253099047
6311,20185103.156383466
6312,20183324.959642805
6313,20181543.65750471
6314,20179759.433974102
6315,20177972.648638163
6316,20176182.743031513
6317,20174389.711747315
6318,20172593.549369495
6319,20170794.25047275
6320,20168992.399647735
6321,20167187.56266711
6322,20165379.574147914
6323,20163568.428630013
6324,20161754.120643962
6325,20159936.924932778
6326,20158117.033100497
6327,20156293.963658433
6328,20154467.71110205
6329,20152638.26991742
6330,20150805.638551354
6331,20148970.567387227
6332,20147132.292330284
6333,20145290.807831235
6334,20143446.108331338
6335,20141598.188262355
6336,20139747.57379123
6337,20137893.96741538
6338,20136037.12505581
6339,20134177.04110859
6340,20132313.709960245
6341,20130447.45574743
6342,20128578.391328804
6343,20126706.064169332
6344,20124830.468619566
6345,20122951.599020418
6346,20121069.61182442
6347,20119184.961611297
6348,20117297.021683022
6349,20115405.786344282
6350,20113511.249890007
6351,20111613.435686473
6352,20109713.070891354
6353,20107809.389187925
6354,20105902.384834602
6355,20103992.05208001
6356,20102078.385163005
6357,20100162.106847268
6358,20098242.553316694
6359,20096319.649675876
6360,20094393.39012676
6361,20092463.76886142
6362,20090531.452168524
6363,20088595.89570519
6364,20086656.96144861
6365,20084714.64355366
6366,20082768.936165314
6367,20080820.484517526
6368,20078868.79295392
6369,20076913.695689656
6370,20074955.186832227
6371,20072993.260479096
6372,20071028.576490372
6373,20069060.616588876
6374,20067089.222853202
6375,20065114.389343053
6376,20063136.110108037
6377,20061155.09557785
6378,20059170.73302247
6379,20057182.908271488
6380,20055191.61533645
6381,20053196.848218758
6382,20051199.404125948
6383,20049198.503513932
6384,20047194.112115245
6385,20045186.223892923
6386,20043174.920929138
6387,20041160.859296173
6388,20039143.2841296
6389,20037122.18935385
6390,20035097.568883054
6391,20033069.657807965
6392,20031038.81302544
6393,20029004.425702795
6394,20026966.48971524
6395,20024924.998927616
6396,20022880.37839714
6397,20020832.61198605
6398,20018781.273793653
6399,20016726.357645582
6400,20014667.85735702
6401,20012606.42518253
6402,20010541.59754491
6403,20008473.16864833
6404,20006401.13226848
6405,20004325.540191237
6406,20002247.13531243
6407,20000165.10572279
6408,19998079.445158254
6409,19995990.147344153
6410,19993897.559343845
6411,19991801.840556674
6412,19989702.46715325
6413,19987599.432818875
6414,19985492.7312281
6415,19983383.04272584
6416,19981269.86726517
6417,19979153.007041264
6418,19977032.455688335
6419,19974908.379681636
6420,19972781.312377706
6421,19970650.536326457
6422,19968516.04512151
6423,19966377.832345635
6424,19964236.552763138
6425,19962091.90302663
6426,19959943.51419005
6427,19957791.37979564
6428,19955635.493374728
6429,19953476.32775432
6430,19951313.951786377
6431,19949147.806122568
6432,19946977.8842534
6433,19944804.179658353
6434,19942627.028811555
6435,19940446.781663645
6436,19938262.73397921
6437,19936074.879196607
6438,19933883.210743066
6439,19931687.974648863
6440,19929489.710214023
6441,19927287.61415527
6442,19925081.679858394
6443,19922871.90069799
6444,19920658.478496615
6445,19918442.049500674
6446,19916221.757544793
6447,19913997.595961817
6448,19911769.558073312
6449,19909537.848060064
6450,19907303.10605279
6451,19905064.46949906
6452,19902821.931678344
6453,19900575.48585877
6454,19898325.385477796
6455,19896072.18082399
6456,19893815.04978477
6457,19891553.98558587
6458,19889288.981441546
6459,19887020.38727954
6460,19884748.569150027
6461,19882472.79254184
6462,19880193.050626513
6463,19877909.336564064
6464,19875622.14434396
6465,19873331.560706563
6466,19871036.986240946
6467,19868738.414064087
6468,19866435.837281317
6469,19864130.007031806
6470,19861820.608523387
6471,19859507.18676
6472,19857189.734803915
6473,19854868.245705694
6474,19852543.187918305
6475,19850214.82178523
6476,19847882.399713214
6477,19845545.914709438
6478,19843205.359769277
6479,19840860.974467188
6480,19838513.486746337
6481,19836161.910143442
6482,19833806.237610165
6483,19831446.462086286
6484,19829082.648449373
6485,19826715.883959018
6486,19824344.997382425
6487,19821969.981615335
6488,19819590.829541497
6489,19817207.534032665
6490,19814821.288230922
6491,19812430.9350082
6492,19810036.41907138
6493,19807637.733247798
6494,19805234.870352656
6495,19802828.968582552
6496,19800418.990802392
6497,19798004.816519126
6498,19795586.4385032
6499,19793163.84951288
6500,19790738.188204084
6501,19788308.426707126
6502,19785874.43465062
6503,19783436.20474772
6504,19780993.729699314
6505,19778548.204412255
6506,19776098.498781756
6507,19773644.528265852
6508,19771186.285519965
6509,19768723.787961897
6510,19766258.26860681
6511,19763788.45715931
6512,19761314.34622912
6513,19758835.928413503
6514,19756353.37954619
6515,19753867.626226712
6516,19751377.546002578
6517,19748883.13142499
6518,19746384.375032645
6519,19743881.667959988
6520,19741375.51670593
6521,19738865.00345992
6522,19736350.120714217
6523,19733830.86094846
6524,19731307.887881316
6525,19728781.173429377
6526,19726250.061621066
6527,19723714.544889264
6528,19721174.615654163
6529,19718631.267903864
6530,19716083.823688
6531,19713531.946472175
6532,19710975.628629465
6533,19708414.91109978
6534,19705851.030492127
6535,19703282.688633967
6536,19700709.877851028
6537,19698132.590456106
6538,19695551.303239327
6539,19692966.391936462
6540,19690376.98323555
6541,19687783.0694017
6542,19685184.642687004
6543,19682582.674552843
6544,19679976.562307462
6545,19677365.916231543
6546,19674750.72852908
6547,19672131.152254127
6548,19669508.230185222
6549,19666880.7454105
6550,19664248.690085612
6551,19661612.056353074
6552,19658971.599567484
6553,19656327.16897988
6554,19653678.138739526
6555,19651024.500940192
6556,19648366.28569241
6557,19645705.011007432
6558,19643039.10775144
6559,19640368.567969847
6560,19637693.383694716
6561,19635013.54694475
6562,19632330.434995532
6563,19629642.887125216
6564,19626950.66556929
6565,19624253.76229765
6566,19621552.16926675
6567,19618847.08028199
6568,19616137.714515578
6569,19613423.63761429
6570,19610704.841485407
6571,19607981.318022665
6572,19605254.159573656
6573,19602522.816635884
6574,19599786.72484931
6575,19597045.876058176
6576,19594300.262093104
6577,19591550.85749307
6578,19588797.361650478
6579,19586039.07895211
6580,19583276.00117874
6581,19580508.12009737
6582,19577736.366025962
6583,19574960.540182997
6584,19572179.88918212
6585,19569394.40474015
6586,19566604.07856002
6587,19563809.87081769
6588,19561011.53650688
6589,19558208.3384387
6590,19555400.268265557
6591,19552587.31762587
6592,19549770.551127944
6593,19546949.5285
6594,19544123.603215784
6595,19541292.766862787
6596,19538457.01101447
6597,19535617.57978508
6598,19532773.687598947
6599,19529924.853556007
6600,19527071.069178402
6601,19524212.325974114
6602,19521350.12314018
6603,19518483.178753078
6604,19515611.25300482
6605,19512734.337351725
6606,19509852.509087823
6607,19506967.341020994
6608,19504077.16037833
6609,19501181.95856419
6610,19498281.726968557
6611,19495376.936432622
6612,19492468.38668557
6613,19489554.78431084
6614,19486636.120646093
6615,19483712.387014557
6616,19480784.524801444
6617,19477852.406775538
6618,19474915.195760187
6619,19471972.883025885
6620,19469025.459828567
6621,19466074.415612802
6622,19463118.541269276
6623,19460157.533262372
6624,19457191.382794943
6625,19454220.39793385
6626,19451245.743584752
6627,19448265.923434515
6628,19445280.928632587
6629,19442290.750313662
6630,19439296.38655705
6631,19436297.63668788
6632,19433293.679781117
6633,19430284.506917685
6634,19427270.10916367
6635,19424252.253589094
6636,19421229.216097362
6637,19418200.930013184
6638,19415167.386348464
6639,19412129.35211184
6640,19409087.11484127
6641,19406039.596145254
6642,19402986.78698122
6643,19399928.678291585
6644,19396866.95066169
6645,19393800.079243932
6646,19390727.88427208
6647,19387650.35663368
6648,19384568.295582157
6649,19381481.950610057
6650,19378390.24879808
6651,19375293.1809786
6652,19372190.73796873
6653,19369084.778901014
6654,19365973.448488705
6655,19362856.71852679
6656,19359734.57977686
6657,19356608.1301162
6658,19353477.048611544
6659,19350340.53381297
6660,19347198.576426163
6661,19344051.567582857
6662,19340900.611758012
6663,19337744.188691545
6664,19334582.289032966
6665,19331414.903416283
6666,19328243.697828706
6667,19325067.24232208
6668,19321885.276014667
6669,19318697.789483886
6670,19315505.864018906
6671,19312309.25115484
6672,19309107.093075383
6673,19305899.380301055
6674,19302686.664804153
6675,19299469.76891617
6676,19296247.29319113
6677,19293019.228092313
6678,19289785.65192527
6679,19286548.346593704
6680,19283305.426595178
6681,19280056.882335473
6682,19276802.70420448
6683,19273544.532421794
6684,19270281.040763445
6685,19267011.889746837
6686,19263737.069703903
6687,19260457.871866718
6688,19257173.68039955
6689,19253883.79426622
6690,19250588.203740403
6691,19247288.212558307
6692,19243983.799628783
6693,19240673.657566074
6694,19237357.776587103
6695,19234036.146892563
6696,19230709.132748526
6697,19227378.61360273
6698,19224042.32081835
6699,19220700.244538914
6700,19217352.3748917
6701,19213998.70198762
6702,19210641.42075705
6703,19207278.77576476
6704,19203910.302368
6705,19200535.990620043
6706,19197155.83055776
6707,19193771.321440957
6708,19190382.121399403
6709,19186987.04771127
6710,19183586.0903554
6711,19180179.239294067
6712,19176767.409377262
6713,19173351.450096473
6714,19169929.571592394
6715,19166501.763768874
6716,19163068.0165131
6717,19159628.771661203
6718,19156185.847610973
6719,19152736.958424117
6720,19149282.093929026
6721,19145821.243937295
6722,19142354.488765996
6723,19138884.393086232
6724,19135408.28601799
6725,19131926.15731368
6726,19128437.996708795
6727,19124943.79392194
6728,19121446.159069862
6729,19117942.625602473
6730,19114433.023830228
6731,19110917.343412023
6732,19107395.573989734
6733,19103870.211538687
6734,19100339.041850362
6735,19096801.756845567
6736,19093258.346106105
6737,19089708.799196593
6738,19086155.609934304
6739,19082596.59291728
6740,19079031.413227543
6741,19075460.06036922
6742,19071882.523829203
6743,19068301.40721115
6744,19064714.330492847
6745,19061121.04339912
6746,19057521.53535595
6747,19053915.795771953
6748,19050306.649898097
6749,19046691.299865816
6750,19043069.691407196
6751,19039441.81386956
6752,19035807.920233566
6753,19032170.378176063
6754,19028526.54000571
6755,19024876.39500822
6756,19021219.932451736
6757,19017557.823499057
6758,19013891.62597387
6759,19010219.08366313
6760,19006540.185772955
6761,19002854.921491753
6762,18999164.490867212
6763,18995469.42108451
6764,18991767.957490996
6765,18988060.089212682
6766,18984345.805357736
6767,18980626.945229724
6768,18976902.785305023
6769,18973172.182190243
6770,18969435.124930747
6771,18965691.602553986
6772,18961944.20359913
6773,18958190.734603316
6774,18954430.77268277
6775,18950664.306801714
6776,18946891.743364748
6777,18943115.277298246
6778,18939332.27931501
6779,18935542.73831574
6780,18931746.643182967
6781,18927945.337709185
6782,18924139.172184136
6783,18920326.42437533
6784,18916507.08310139
6785,18912681.13716263
6786,18908850.97522033
6787,18905014.888909683
6788,18901172.169589967
6789,18897322.805997174
6790,18893467.20883317
6791,18889607.65241345
6792,18885741.423228815
6793,18881868.509950634
6794,18877988.901231784
6795,18874104.294399224
6796,18870214.543903094
6797,18866318.069489047
6798,18862414.859745264
6799,18858504.903241307
6800,18854590.692163307
6801,18850670.516693708
6802,18846743.56577956
6803,18842809.827925332
6804,18838869.40472769
6805,18834925.387496885
6806,18830974.554479845
6807,18827016.894115616
6808,18823052.394824386
6809,18819082.21505609
6810,18815107.35821272
6811,18811125.633386705
6812,18807137.0289324
6813,18803141.533185184
6814,18799141.506553255
6815,18795135.574517827
6816,18791122.721923035
6817,18787102.93703796
6818,18783076.526272077
6819,18779046.24347988
6820,18775008.998966314
6821,18770964.780933853
6822,18766913.577565785
6823,18762857.1634224
6824,18758795.382407065
6825,18754726.586411837
6826,18750650.76355297
6827,18746567.901927367
6828,18742481.39175191
6829,18738387.87216887
6830,18734287.28396028
6831,18730179.615155578
6832,18726066.54365626
6833,18721948.15404669
6834,18717822.653814666
6835,18713690.030921817
6836,18709550.351910952
6837,18705406.945018705
6838,18701256.38527094
6839,18697098.66056114
6840,18692933.75876314
6841,18688763.75517693
6842,18684587.98759858
6843,18680405.01251934
6844,18676214.81774445
6845,18672018.091718823
6846,18667816.967168577
6847,18663608.5923398
6848,18659392.9549688
6849,18655170.04277203
6850,18650942.827440195
6851,18646708.90265024
6852,18642467.67223119
6853,18638219.12383012
6854,18633965.068947714
6855,18629705.44314948
6856,18625438.468393832
6857,18621164.132258125
6858,18616883.18928727
6859,18612597.71059429
6860,18608304.83937292
6861,18604004.563130505
6862,18599696.869354125
6863,18595385.198786
6864,18591066.27812527
6865,18586739.908558343
6866,18582406.07750181
6867,18578067.398557182
6868,18573722.27463496
6869,18569369.657676067
6870,18565009.535026297
6871,18560643.7977584
6872,18556272.315900076
6873,18551893.296628162
6874,18547506.72721724
6875,18543113.88124481
6876,18538715.885919344
6877,18534310.30855571
6878,18529897.136356935
6879,18525477.130862784
6880,18521052.465678714
6881,18516620.17358302
6882,18512180.241706867
6883,18507733.02543647
6884,18503281.533137873
6885,18498822.36880419
6886,18494355.51949435
6887,18489881.040754426
6888,18485402.563216984
6889,18480916.368269786
6890,18476422.442899175
6891,18471920.774070527
6892,18467415.02778319
6893,18462901.64297328
6894,18458380.482039943
6895,18453851.53187551
6896,18449318.395637013
6897,18444777.660837527
6898,18440229.103960656
6899,18435672.711825337
6900,18431112.132499013
6901,18426543.88670143
6902,18421967.77261737
6903,18417383.776992016
6904,18412795.7009963
6905,18408199.782306354
6906,18403595.948864475
6907,18398984.3669222
6908,18394368.560648877
6909,18389744.806282517
6910,18385113.090441238
6911,18380473.926576786
6912,18375830.16785621
6913,18371178.41413558
6914,18366518.65195829
6915,18361851.85136765
6916,18357179.97588366
6917,18352500.058232978
6918,18347812.084883966
6919,18343117.592313163
6920,18338417.43484887
6921,18333709.187790465
6922,18328992.83753089
6923,18324270.597274598
6924,18319541.991708267
6925,18314805.248858403
6926,18310060.355042152
6927,18305310.310942322
6928,18300553.090243388
6929,18295787.684308242
6930,18291014.079377905
6931,18286236.174822386
6932,18281450.171047248
6933,18276655.933818795
6934,18271854.314888794
6935,18267047.62722276
6936,18262232.671510823
6937,18257409.43386281
6938,18252579.863951992
6939,18247744.103239924
6940,18242900.025809407
6941,18238047.617693175
6942,18233190.03894234
6943,18228325.03474492
6944,18223451.66488879
6945,18218570.287702437
6946,18213684.269420095
6947,18208789.85036995
6948,18203887.01645186
6949,18198977.537730582
6950,18194061.981697176
6951,18189137.97549464
6952,18184205.504944745
6953,18179267.865572695
6954,18174322.59882332
6955,18169368.832232438
6956,18164407.66197071
6957,18159443.009512752
6958,18154469.824955698
6959,18149488.093992446
6960,18144497.80229315
6961,18139498.935505174
6962,18134497.164543785
6963,18129487.33356268
6964,18124468.895000484
6965,18119441.834431063
6966,18114406.13740535
6967,18109366.078084912
6968,18104319.358343277
6969,18099263.96947141
6970,18094199.896946374
6971,18089127.126222186
6972,18084048.71134034
6973,18078964.861448046
6974,18073872.28050445
6975,18068770.95388935
6976,18063660.8669594
6977,18058544.020851642
6978,18053422.800675754
6979,18048292.787158493
6980,18043153.965581942
6981,18038006.321204875
6982,18032850.958945274
6983,18027692.12996338
6984,18022524.44498457
6985,18017347.88919273
6986,18012162.44774833
6987,18006968.474214565
6988,18001771.799917072
6989,17996566.20660586
6990,17991351.67936618
6991,17986128.203259703
6992,17980895.763324514
6993,17975660.75838025
6994,17970417.02234259
6995,17965164.288904328
6996,17959902.543027926
6997,17954631.769652117
6998,17949357.951031037
6999,17944075.840875506
7000,17938784.66949647
7001,17933484.42175676
7002,17928175.08249534
7003,17922862.32199598
7004,17917541.609936353
7005,17912211.77248654
7006,17906872.79440932
7007,17901524.660443462
7008,17896172.814458255
7009,17890813.277006574
7010,17885444.54966238
7011,17880066.617088035
7012,17874679.463921715
7013,17869288.371229682
7014,17863889.789995372
7015,17858481.954040166
7016,17853064.847925562
7017,17847638.456188805
7018,17842207.935237166
7019,17836770.097852018
7020,17831322.940602608
7021,17825866.447949264
7022,17820400.604327902
7023,17814930.449853886
7024,17809453.15104697
7025,17803966.46693044
7026,17798470.38186309
7027,17792964.880179197
7028,17787454.858972915
7029,17781937.901824858
7030,17776411.493634943
7031,17770875.61866014
7032,17765330.261132754
7033,17759780.10667306
7034,17754223.304087
7035,17748656.984457586
7036,17743081.13193968
7037,17737495.730663374
7038,17731905.136261757
7039,17726308.312697317
7040,17720701.905839358
7041,17715085.899740405
7042,17709460.278428078
7043,17703828.856008124
7044,17698191.783384044
7045,17692545.06087844
7046,17686888.67244116
7047,17681222.60199697
7048,17675550.277251776
7049,17669872.874287613
7050,17664185.754768264
7051,17658488.90254089
7052,17652782.30142744
7053,17647068.28279227
7054,17641350.422473792
7055,17635622.7787632
7056,17629885.335404906
7057,17624138.076117966
7058,17618381.777358826
7059,17612623.35523254
7060,17606855.082753334
7061,17601076.943562843
7062,17595288.92127721
7063,17589490.999487124
7064,17583690.57175509
7065,17577881.592898797
7066,17572062.68019058
7067,17566233.817143776
7068,17560394.987246048
7069,17554550.910206906
7070,17548701.152544703
7071,17542841.3938225
7072,17536971.617450852
7073,17531091.80681456
7074,17525203.152307805
7075,17519312.342421547
7076,17513411.463856947
7077,17507500.499921277
7078,17501579.433895994
7079,17495648.249036588
7080,17489714.20212721
7081,17483771.92826092
7082,17477819.500889447
7083,17471856.903190333
7084,17465884.118315086
7085,17459905.764436364
7086,17453921.818171978
7087,17447927.649853926
7088,17441923.242555417
7089,17435908.579323478
7090,17429886.05527984
7091,17423860.15787736
7092,17417823.969456658
7093,17411777.472986083
7094,17405720.651407726
7095,17399654.09372372
7096,17393585.96479331
7097,17387507.47546223
7098,17381418.608593535
7099,17375319.34702383
7100,17369209.673563283
7101,17363098.249444548
7102,17356977.176737487
7103,17350845.656584922
7104,17344703.671717547
7105,17338551.20483946
7106,17332396.01544411
7107,17326232.075231355
7108,17320057.617243327
7109,17313872.6241043
7110,17307677.07841185
7111,17301478.25947336
7112,17295271.16595486
7113,17289053.483907677
7114,17282825.19584921
7115,17276586.28427
7116,17270343.9712621
7117,17264093.43696132
7118,17257832.242953077
7119,17251560.371647388
7120,17245277.805427287
7121,17238992.133569047
7122,17232697.869326882
7123,17226392.87377137
7124,17220077.129204646
7125,17213750.61790175
7126,17207421.722162604
7127,17201083.43713133
7128,17194734.34875192
7129,17188374.439218216
7130,17182003.690696787
7131,17175631.705801748
7132,17169249.107438955
7133,17162855.633262694
7134,17156451.265357967
7135,17150037.32144032
7136,17143621.04621729
7137,17137193.840279948
7138,17130755.685631473
7139,17124306.56424761
7140,17117849.803618453
7141,17111388.6980933
7142,17104916.588631812
7143,17098433.457127538
7144,17091939.285446443
7145,17085440.297592744
7146,17078934.857458994
7147,17072418.341081675
7148,17065890.730246447
7149,17059352.006711274
7150,17052807.447226632
7151,17046257.384535156
7152,17039696.172873903
7153,17033123.793920174
7154,17026540.229323458
7155,17019950.29180257
7156,17013355.316990323
7157,17006749.120061524
7158,17000131.682584714
7159,16993502.98610047
7160,16986867.863937147
7161,16980227.685822237
7162,16973576.21202196
7163,16966913.423995633
7164,16960239.30317449
7165,16953559.189568456
7166,16946873.51534528
7167,16940176.471444376
7168,16933468.039215397
7169,16926748.199979767
7170,16920023.28794349
7171,16913291.823178045
7172,16906548.91431747
7173,16899794.54260128
7174,16893028.689240687
7175,16886259.171606347
7176,16879481.620231487
7177,16872692.549917534
7178,16865891.941793494
7179,16859079.77695987
7180,16852265.84638637
7181,16845441.91069716
7182,16838606.380796902
7183,16831759.237703603
7184,16824901.279889874
7185,16818042.311386816
7186,16811171.692036
7187,16804289.402772732
7188,16797395.424503572
7189,16790493.43611213
7190,16783587.558973994
7191,16776669.954967514
7192,16769740.604916211
7193,16762799.489614852
7194,16755853.66275319
7195,16748900.574766556
7196,16741935.683459036
7197,16734958.969542017
7198,16727970.413697965
7199,16720980.940327963
7200,16713980.337625233
7201,16706967.854715746
7202,16699943.472198298
7203,16692910.72749063
7204,16685874.242588067
7205,16678825.819643196
7206,16671765.439170945
7207,16664693.08165709
7208,16657617.071202243
7209,16650532.536512297
7210,16643435.986136578
7211,16636327.400476702
7212,16629209.397441817
7213,16622094.776411945
7214,16614968.091807464
7215,16607829.32396274
7216,16600678.45318282
7217,16593515.459743366
7218,16586340.323890654
7219,16579158.007150194
7220,16571976.790900795
7221,16564783.403754205
7222,16557577.825889196
7223,16550360.037455035
7224,16543130.01857147
7225,16535887.749328686
7226,16528642.088408943
7227,16521393.69359638
7228,16514133.019746989
7229,16506860.046883186
7230,16499574.754997725
7231,16492277.124053676
7232,16484967.133984387
7233,16477659.09960405
7234,16470342.93865006
7235,16463014.389699413
7236,16455673.432617411
7237,16448320.04723957
7238,16440954.213371536
7239,16433578.516315483
7240,16426206.474913454
7241,16418821.95599421
7242,16411424.939295193
7243,16404015.404523907
7244,16396593.331357835
7245,16389158.699444504
7246,16381722.509293238
7247,16374281.624297144
7248,16366828.151332851
7249,16359362.069979398
7250,16351883.359785726
7251,16344392.000270635
7252,16336889.911007907
7253,16329392.261598391
7254,16321881.933491021
7255,16314358.906135961
7256,16306823.158953127
7257,16299274.671332216
7258,16291713.422632584
7259,16284152.723371586
7260,16276585.139012294
7261,16269004.764003938
7262,16261411.577637026
7263,16253805.559171675
7264,16246186.687837578
7265,16238561.853598071
7266,16230936.609645782
7267,16223298.483099096
7268,16215647.45311866
7269,16207983.498834627
7270,16200306.599346606
7271,16192618.484792879
7272,16184935.175673315
7273,16177238.891468924
7274,16169529.611210147
7275,16161807.313896742
7276,16154071.978497805
7277,16146323.583951756
7278,16138579.655936934
7279,16130824.805720508
7280,16123056.866282517
7281,16115275.816491952
7282,16107481.635187019
7283,16099674.3011751
7284,16091868.857867943
7285,16084055.03104976
7286,16076228.021295348
7287,16068387.807342516
7288,16060534.367898175
7289,16052667.681638304
7290,16044801.577517672
7291,16036928.361272529
7292,16029041.867828019
7293,16021142.075790416
7294,16013228.963734949
7295,16005302.510205774
7296,15997376.599589584
7297,15989443.578856979
7298,15981497.186112523
7299,15973537.39983057
7300,15965564.198454285
7301,15957577.56039565
7302,15949592.697473431
7303,15941599.454958018
7304,15933592.745068088
7305,15925572.546145657
7306,15917538.836501498
7307,15909491.594415035
7308,15901448.633280674
7309,15893394.749453003
7310,15885327.302337144
7311,15877246.270142443
7312,15869151.631046873
7313,15861044.466922676
7314,15852943.157881696
7315,15844828.210979331
7316,15836699.604323369
7317,15828557.315990116
7318,15820401.324024413
7319,15812237.710170183
7320,15804075.010944994
7321,15795898.576973831
7322,15787708.386231218
7323,15779504.416660083
7324,15771286.64617177
7325,15763067.436058404
7326,15754842.920977766
7327,15746604.573713804
7328,15738352.372107448
7329,15730086.293967944
7330,15721806.31707278
7331,15713532.3642035
7332,15705245.605368761
7333,15696944.91636002
7334,15688630.274884295
7335,15680301.658616783
7336,15671966.629534172
7337,15663631.20314485
7338,15655281.770432351
7339,15646918.309001323
7340,15638540.796424503
7341,15630149.21024275
7342,15621761.084040213
7343,15613362.650391541
7344,15604950.111455256
7345,15596523.444701541
7346,15588082.627568586
7347,15579634.960134216
7348,15571187.267389202
7349,15562725.392470146
7350,15554249.312744575
7351,15545759.005547909
7352,15537254.448183477
7353,15528755.327693913
7354,15520243.857390584
7355,15511718.104974419
7356,15503178.047677962
7357,15494623.662701624
7358,15486066.532724602
7359,15477505.20671504
7360,15468929.520969382
7361,15460339.452617208
7362,15451734.978755858
7363,15443120.579084143
7364,15434509.136129808
7365,15425883.255499456
7366,15417242.914219625
7367,15408588.089284485
7368,15399918.757655907
7369,15391255.336543603
7370,15382578.998560932
7371,15373888.121569384
7372,15365182.682459895
7373,15356462.65809103
7374,15347743.494122518
7375,15339016.435411606
7376,15330274.75901638
7377,15321518.441724466
7378,15312747.460290996
7379,15303973.290326087
7380,15295195.246606937
7381,15286402.506212374
7382,15277595.045826646
7383,15268772.842101438
7384,15259944.401943546
7385,15251115.108036457
7386,15242271.03814767
7387,15233412.168857938
7388,15224538.476715412
7389,15215656.50113099
7390,15206775.690961078
7391,15197880.025188418
7392,15188969.480290249
7393,15180044.032711096
7394,15171109.255448934
7395,15162176.66205089
7396,15153229.13311481
7397,15144266.645014307
7398,15135289.17409028
7399,15126302.327901091
7400,15117317.683423962
7401,15108318.023159776
7402,15099303.32337852
7403,15090273.560317358
7404,15081235.376973158
7405,15072198.41268537
7406,15063146.352048349
7407,15054079.17122839
7408,15044996.846358918
7409,15035908.056672685
7410,15026818.50296719
7411,15017713.772037754
7412,15008593.839946926
7413,14999458.682724338
7414,14990320.016569544
7415,14981177.602969227
7416,14972019.930958306
7417,14962846.976495601
7418,14953658.715506928
7419,14944470.901837252
7420,14935275.35700028
7421,14926064.472254828
7422,14916838.223455917
7423,14907596.586425528
7424,14898360.353294572
7425,14889111.40502023
7426,14879847.035028955
7427,14870567.219072018
7428,14861275.152698508
7429,14851988.007448558
7430,14842685.382682908
7431,14833367.254082115
7432,14824033.597293647
7433,14814694.509856325
7434,14805353.49653752
7435,14795996.921379516
7436,14786624.759959131
7437,14777236.98782007
7438,14767853.328176111
7439,14758460.45918895
7440,14749051.949538864
7441,14739627.774704933
7442,14730187.910132999
7443,14720750.195508804
7444,14711305.221601386
7445,14701844.527939554
7446,14692368.089904703
7447,14682875.882844968
7448,14673385.028136002
7449,14663887.69942084
7450,14654374.571593145
7451,14644845.619936684
7452,14635300.81970192
7453,14625757.738062434
7454,14616207.804023914
7455,14606641.99124921
7456,14597060.274924582
7457,14587462.630202934
7458,14577868.233069759
7459,14568265.442571629
7460,14558646.693449378
7461,14549011.960791785
7462,14539361.2196543
7463,14529716.416770846
7464,14520060.51806404
7465,14510388.580582034
7466,14500700.579316325
7467,14490996.489224935
7468,14481302.188664991
7469,14471592.929395495
7470,14461867.550937919
7471,14452126.028186476
7472,14442372.142284704
7473,14432625.444193792
7474,14422862.571410786
7475,14413083.498766286
7476,14403288.201057393
7477,14393486.559105856
7478,14383686.074797768
7479,14373869.334961941
7480,14364036.314331988
7481,14354186.987608058
7482,14344339.414704371
7483,14334486.367675519
7484,14324616.986474466
7485,14314731.245741814
7486,14304829.120084671
7487,14294930.201143334
7488,14285024.353053667
7489,14275102.091914913
7490,14265163.392274814
7491,14255208.228647638
7492,14245258.988514796
7493,14235300.100573853
7494,14225324.720476098
7495,14215332.822676621
7496,14205324.381596982
7497,14195325.842840595
7498,14185313.675816802
7499,14175284.937299231
7500,14165239.601650491
7501,14155179.886545753
7502,14145130.826137874
7503,14135065.140367774
7504,14124982.803539388
7505,14114883.789923053
7506,14104776.736026157
7507,14094673.996484634
7508,14084554.551882567
7509,14074418.376431817
7510,14064265.4443107
7511,14054115.446917798
7512,14043964.966269085
7513,14033797.710847497
7514,14023613.654788816
7515,14013412.77219528
7516,14003195.037135562
7517,13992991.954991248
7518,13982776.710348047
7519,13972544.59514886
7520,13962295.583420226
7521,13952029.649155125
7522,13941755.852921033
7523,13931492.440646825
7524,13921212.087769495
7525,13910914.768240156
7526,13900600.45597645
7527,13890269.124862432
7528,13879945.785453368
7529,13869617.016366025
7530,13859271.210378435
7531,13848908.341333186
7532,13838528.383039357
7533,13828137.62201626
7534,13817760.258204093
7535,13807365.78711993
7536,13796954.182531744
7537,13786525.418173991
7538,13776079.46774759
7539,13765642.684192685
7540,13755199.369404312
7541,13744738.850544734
7542,13734261.101274192
7543,13723766.095219383
7544,13713265.158977693
7545,13702772.821919592
7546,13692263.2101047
7547,13681736.297119373
7548,13671192.056516493
7549,13660630.461815478
7550,13650087.003196325
7551,13639528.119798485
7552,13628951.864355132
7553,13618358.210345715
7554,13607747.131216232
7555,13597142.7657023
7556,13586534.432162112
7557,13575908.655588103
7558,13565265.409386748
7559,13554604.666931063
7560,13543940.955937479
7561,13533282.99377587
7562,13522607.51748149
7563,13511914.50038819
7564,13501203.915796425
7565,13490482.414529817
7566,13479774.64536039
7567,13469049.29085103
7568,13458306.324263485
7569,13447545.718826082
7570,13436767.97633124
7571,13426010.221872665
7572,13415234.810761476
7573,13404441.716187662
7574,13393630.911307933
7575,13382802.36924563
7576,13371990.552603044
7577,13361164.906623544
7578,13350321.505694542
7579,13339460.322901513
7580,13328581.33129663
7581,13317716.461272515
7582,13306840.402291495
7583,13295946.516774282
7584,13285034.777735623
7585,13274105.158157002
7586,13263188.766130393
7587,13252262.11616104
7588,13241317.567971753
7589,13230355.094507007
7590,13219374.668678101
7591,13208408.280052999
7592,13197430.861268098
7593,13186435.472485235
7594,13175422.086579142
7595,13164390.676391374
7596,13153375.810642282
7597,13142347.44538769
7598,13131301.038265683
7599,13120236.562081689
7600,13109153.989608092
7601,13098092.160325428
7602,13087012.67113371
7603,13075915.06811654
7604,13064799.324010609
7605,13053670.758279884
7606,13042558.126454795
7607,13031427.336059082
7608,13020278.359794207
7609,13009111.170328688
7610,12997938.539431319
7611,12986774.501408512
7612,12975592.23275646
7613,12964391.706108905
7614,12953172.894066654
7615,12941957.693655344
7616,12930742.072691495
7617,12919508.148959585
7618,12908255.895026146
7619,12896985.283424895
7620,12885729.003445357
7621,12874461.623037279
7622,12863175.867645185
7623,12851871.709769003
7624,12840554.142971212
7625,12829253.246610967
7626,12817933.930510174
7627,12806596.167135388
7628,12795239.928920459
7629,12783887.923417462
7630,12772543.060065504
7631,12761179.717826242
7632,12749797.869120343
7633,12738397.486335844
7634,12726978.541828176
7635,12715586.170108479
7636,12704178.695055297
7637,12692752.654369472
7638,12681308.02039394
7639,12669844.765439082
7640,12658384.424280165
7641,12646932.710340636
7642,12635462.371632462
7643,12623973.3804541
7644,12612465.709071591
7645,12600939.658860175
7646,12589443.600578945
7647,12577928.85842636
7648,12566395.404657153
7649,12554843.211493712
7650,12543272.251126109
7651,12531713.19157
7652,12520153.94118564
7653,12508575.920075603
7654,12496979.1004194
7655,12485363.454364263
7656,12473743.298166627
7657,12462139.435412152
7658,12450516.742863864
7659,12438875.192659024
7660,12427214.756902784
7661,12415535.724424522
7662,12403887.145825183
7663,12392219.678408204
7664,12380533.294269402
7665,12368827.9654726
7666,12357103.664049601
7667,12345398.86651115
7668,12333686.521476883
7669,12321955.200704137
7670,12310204.876216158
7671,12298435.520004287
7672,12286676.3810737
7673,12274919.05637025
7674,12263142.696963923
7675,12251347.274838101
7676,12239532.761944404
7677,12227721.46278368
7678,12215919.057070851
7679,12204097.557746569
7680,12192256.936755182
7681,12180397.16600939
7682,12168535.874728648
7683,12156688.287393238
7684,12144821.547597343
7685,12132935.627247026
7686,12121030.498216884
7687,12109121.369963257
7688,12097228.501134334
7689,12085316.421059133
7690,12073385.101606287
7691,12061434.514613016
7692,12049479.691658724
7693,12037541.442223182
7694,12025583.922822606
7695,12013607.105288949
7696,12001610.961422943
7697,11989614.598270329
7698,11977636.923885636
7699,11965639.930652501
7700,11953623.590381311
7701,11941587.874851322
7702,11929532.755810764
7703,11917506.110403378
7704,11905469.589273058
7705,11893413.672330085
7706,11881338.331333177
7707,11869243.53801013
7708,11857151.553777853
7709,11845075.451611513
7710,11832979.904992053
7711,11820864.885658516
7712,11808730.365319207
7713,11796576.315651631
7714,11784460.053643206
7715,11772324.825286496
7716,11760170.075694438
7717,11747995.776556678
7718,11735801.899532296
7719,11723625.914596163
7720,11711450.953399997
7721,11699256.42258985
7722,11687042.293837704
7723,11674808.538785053
7724,11662575.537154919
7725,11650360.792990347
7726,11638126.430979762
7727,11625872.422778303
7728,11613598.740010887
7729,11601311.407664008
7730,11589056.83139014
7731,11576782.5891887
7732,11564488.652698973
7733,11552174.993530145
7734,11539841.583261332
7735,11527541.539809357
7736,11515227.369433656
7737,11502893.456827639
7738,11490539.773585742
7739,11478166.291272493
7740,11465817.373538552
7741,11453463.228028644
7742,11441089.292505762
7743,11428695.538550548
7744,11416281.937713949
7745,11403886.772147384
7746,11391492.605579428
7747,11379078.601379305
7748,11366644.731114842
7749,11354190.966324305
7750,11341752.159688592
7751,11329317.927191567
7752,11316863.80961069
7753,11304389.778501954
7754,11291895.805392003
7755,11279415.944897449
7756,11266941.60266847
7757,11254447.328075634
7758,11241933.092664093
7759,11229398.867949802
7760,11216880.521391015
7761,11204366.026711052
7762,11191831.552563023
7763,11179277.070482276
7764,11166702.551975103
7765,11154148.267867396
7766,11141593.57911694
7767,11129018.86397428
7768,11116424.093965894
7769,11103809.240589494
7770,11091221.548304198
7771,11078626.624979166
7772,11066011.62852204
7773,11053376.530451532
7774,11040721.30225773
7775,11028102.712156331
7776,11015467.514884006
7777,11002812.197928285
7778,10990136.732801097
7779,10977449.466421925
7780,10964794.09455333
7781,10952118.585108468
7782,10939422.909621805
7783,10926707.039599542
7784,10913993.691442283
7785,10901298.016495954
7786,10888582.15781706
7787,10875846.086935174
7788,10863089.775351863
7789,10850352.799158473
7790,10837616.785052365
7791,10824860.541257929
7792,10812084.039300995
7793,10799287.250679558
7794,10786529.081709418
7795,10773752.693553584
7796,10760956.02995871
7797,10748139.062447885
7798,10735321.321033165
7799,10722524.817675456
7800,10709708.021788558
7801,10696870.904921385
7802,10684013.438595438
7803,10671179.170490535
7804,10658342.272272345
7805,10645485.036198445
7806,10632607.433817018
7807,10619717.992024759
7808,10606861.022055179
7809,10593983.697545232
7810,10581085.990070442
7811,10568167.871179417
7812,10555266.495089807
7813,10542369.11354008
7814,10529451.33256158
7815,10516513.123731142
7816,10503560.898780148
7817,10490643.492217049
7818,10477705.669956429
7819,10464747.40360408
7820,10451768.66473929
7821,10438809.0252083
7822,10425851.194523653
7823,10412872.903705273
7824,10399874.124362364
7825,10386867.88788577
7826,10373890.08227632
7827,10360891.800690869
7828,10347873.014769167
7829,10334833.696124908
7830,10321824.493112888
7831,10308806.255106838
7832,10295767.497155124
7833,10282708.190903004
7834,10269656.570956899
7835,10256618.411528936
7836,10243559.71675013
7837,10230480.458297985
7838,10217388.443896215
7839,10204330.398701873
7840,10191251.80295767
7841,10178152.628374057
7842,10165032.84663608
7843,10151944.329677675
7844,10138845.869493151
7845,10125726.81551194
7846,10112587.139453074
7847,10099462.301953005
7848,10086344.014521359
7849,10073205.118546514
7850,10060045.58578217
7851,10046886.397605853
7852,10033748.320793068
7853,10020589.620903287
7854,10007410.269725583
7855,9994218.683431258
7856,9981060.855780913
7857,9967882.390734397
7858,9954683.260116933
7859,9941463.435729323
7860,9928283.671814388
7861,9915085.481053568
7862,9901866.610656174
7863,9888627.03246012
7864,9875439.979655549
7865,9862247.794569481
7866,9849034.956221938
7867,9835801.43654339
7868,9822547.20744038
7869,9809275.961290058
7870,9796069.224323235
7871,9782841.83269268
7872,9769593.758398317
7873,9756324.973416448
7874,9743035.449699791
7875,9729753.379497543
7876,9716511.530068448
7877,9703248.997007398
7878,9689965.75236158
7879,9676661.76815489
7880,9663337.016388016
7881,9650049.406875422
7882,9636772.512088006
7883,9623474.905187413
7884,9610156.558269832
7885,9596817.443408579
7886,9583460.761243287
7887,9570169.602968218
7888,9556857.732423566
7889,9543525.121778922
7890,9530171.743181298
7891,9516797.568755204
7892,9503445.509260193
7893,9490119.474890977
7894,9476772.70071496
7895,9463405.158954013
7896,9450016.821807789
7897,9436607.661453806
7898,9423265.314368702
7899,9409904.478076214
7900,9396522.874947248
7901,9383120.47725783
7902,9369697.257262077
7903,9356300.374254506
7904,9342925.578486886
7905,9329530.01701483
7906,9316113.662191778
7907,9302676.48634969
7908,9289229.720219174
7909,9275841.068851402
7910,9262431.6532979
7911,9249001.445990719
7912,9235550.419340733
7913,9222078.545737658
7914,9208655.959002202
7915,9195232.794872852
7916,9181788.840978064
7917,9168324.069808843
7918,9154838.453835329
7919,9141375.202341424
7920,9127938.396392947
7921,9114480.803061388
7922,9101002.394918965
7923,9087503.144517463
7924,9074003.6964766
7925,9060553.356723955
7926,9047082.232367806
7927,9033590.296062788
7928,9020077.52044341
7929,9006546.283849962
7930,8993082.519573435
7931,8979597.973873314
7932,8966092.619487816
7933,8952566.42913544
7934,8939019.37551489
7935,8925530.674113886
7936,8912032.818025997
7937,8898514.156920934
7938,8884974.663602266
7939,8871414.310854202
7940,8857902.555600405
7941,8844391.501363413
7942,8830859.646185277
7943,8817306.962955851
7944,8803733.424545962
7945,8790202.845981376
7946,8776678.707123555
7947,8763133.771811565
7948,8749568.013022734
7949,8735981.403715748
7950,8722436.174504336
7951,8708899.065850329
7952,8695341.165643275
7953,8681762.446949167
7954,8668162.882815685
7955,8654607.118314963
7956,8641057.155992841
7957,8627486.407436028
7958,8613894.845800428
7959,8600282.444223925
7960,8586720.203050915
7961,8573157.50449883
7962,8559574.025450878
7963,8545969.739153987
7964,8532344.618837476
7965,8518779.903429167
7966,8505204.587402338
7967,8491608.497042013
7968,8477991.605687417
7969,8464357.716057144
7970,8450790.643828379
7971,8437202.830405667
7972,8423594.249238582
7973,8409964.87375978
7974,8396336.254004586
7975,8382756.798864634
7976,8369156.609455393
7977,8355535.659320751
7978,8341893.921988075
7979,8328274.409698969
7980,8314682.693962361
7981,8301070.251312951
7982,8287437.055390157
7983,8273783.079817196
7984,8260176.458596986
7985,8246572.605918787
7986,8232948.03411919
7987,8219302.71693438
7988,8205641.807957211
7989,8192046.628081002
7990,8178430.7634633025
7991,8164794.187953722
7992,8151136.875386367
7993,8137496.172044858
7994,8123889.098012766
7995,8110261.347811091
7996,8096612.895388243
7997,8082943.714677555
7998,8069326.842196919
7999,8055708.001281267
8000,8042068.493211082
8001,8028408.292034805
8002,8014747.750815897
8003,8001137.903509511
8004,7987507.424345731
8005,7973856.287488674
8006,7960184.46708808
8007,7946554.760537826
8008,7932933.395179542
8009,7919291.407772384
8010,7905628.772582622
8011,7891962.229826361
8012,7878350.063517667
8013,7864717.311036631
8014,7851063.94676652
8015,7837389.945076887
8016,7823761.03909931
8017,7810137.6073656855
8018,7796493.60006963
8019,7782828.991698629
8020,7769169.884108636
8021,7755555.859288436
8022,7741921.295366092
8023,7728266.166947458
8024,7714590.448625421
8025,7700975.582284568
8026,7687350.54848032
8027,7673704.986993066
8028,7660038.87253495
8029,7646400.245285603
8030,7632784.828688093
8031,7619148.9214559235
8032,7605492.49842106
8033,7591833.271171045
8034,7578227.559212718
8035,7564601.393903658
8036,7550954.750196087
8037,7537287.603030282
8038,7523682.117716479
8039,7510065.78234217
8040,7496429.006210065
8041,7482771.764381592
8042,7469151.836786897
8043,7455545.419702092
8044,7441918.599737149
8045,7428271.352075197
8046,7414640.004418512
8047,7401043.594320445
8048,7387426.819457329
8049,7373789.655134433
8050,7360149.864489818
8051,7346563.5504175555
8052,7332956.909933109
8053,7319329.918464437
8054,7305684.617235375
8055,7292108.488569132
8056,7278512.072081799
8057,7264895.343324588
8058,7251258.277838436
8059,7237681.566173933
8060,7224095.463642973
8061,7210489.087795594
8062,7196862.41429678
8063,7183285.897916458
8064,7169710.199641218
8065,7156114.267242552
8066,7142498.076509996
8067,7128924.556225481
8068,7115359.352844564
8069,7101773.954773136
8070,7088168.337925837
8071,7074600.571727643
8072,7061045.95421806
8073,7047471.181691199
8074,7033876.230187265
8075,7020316.933696619
8076,7006772.9933729535
8077,6993208.937945938
8078,6979624.7435817905
8079,6966076.590498015
8080,6952543.419011529
8081,6938990.172576593
8082,6925416.827485993
8083,6911882.450029643
8084,6898360.1393673
8085,6884817.794152765
8086,6871255.390805926
8087,6857737.38015751
8088,6844226.022640996
8089,6830694.6712102825
8090,6817143.30241277
8091,6803644.209147297
8092,6790143.897431997
8093,6776623.632682468
8094,6763083.391574164
8095,6749605.726091531
8096,6736116.553165545
8097,6722607.468327611
8098,6709082.774663343
8099,6695624.681332891
8100,6682146.74051583
8101,6668648.929151715
8102,6655150.595932701
8103,6641703.786882624
8104,6628237.171824571
8105,6614750.72782727
8106,6601291.461188771
8107,6587881.518481577
8108,6574451.8489825
8109,6561002.42993323
8110,6547533.238569564
8111,6534108.480428554
8112,6520715.7612170195
8113,6507303.371860628
8114,6493871.2897683475
8115,6480419.492343776
8116,6467034.085386714
8117,6453658.730448323
8118,6440263.7623682255
8119,6426849.158723398
8120,6413414.897085823
8121,6400073.582731364
8122,6386715.733381862
8123,6373338.328250131
8124,6359941.345081818
8125,6346552.907331705
8126,6333232.181406662
8127,6319891.979496172
8128,6306532.279519492
8129,6293153.059391608
8130,6279817.987998145
8131,6266514.99398978
8132,6253192.581899129
8133,6239850.72981498
8134,6226489.415822352
8135,6213230.096434692
8136,6199964.93323152
8137,6186680.439286857
8138,6173376.592892415
8139,6160053.3723364705
8140,6146775.467093669
8141,6133548.196045282
8142,6120301.681736242
8143,6107035.902661187
8144,6093750.837311827
8145,6080461.557620715
8146,6067272.240089017
8147,6054063.766916393
8148,6040836.116800522
8149,6027589.268436537
8150,6014323.200517161
8151,6001144.349173521
8152,5987973.978643461
8153,5974784.519130711
8154,5961575.949533945
8155,5948348.248749812
8156,5935171.636121641
8157,5922039.429739696
8158,5908888.222472186
8159,5895717.9934213795
8160,5882528.721687968
8161,5869361.045585122
8162,5856267.064850053
8163,5843154.171461937
8164,5830022.344726678
8165,5816871.563949008
8166,5803719.356819473
8167,5790663.663217314
8168,5777589.145328696
8169,5764495.782663222
8170,5751383.554729757
8171,5738253.186418494
8172,5725235.841416097
8173,5712199.76062667
8174,5699144.923763537
8175,5686071.310539666
8176,5672978.900667795
8177,5659990.056045924
8178,5646992.473928661
8179,5633976.22457236
8180,5620941.287894153
8181,5607887.6438113125
8182,5594932.606384657
8183,5581973.5844794065
8184,5568995.984299903
8185,5555999.785967497
8186,5542984.969604052
8187,5530069.637002305
8188,5517149.236809148
8189,5504210.347435339
8190,5491252.949206372
8191,5478277.022448704
8192,5465407.140335673
8193,5452525.423308428
8194,5439625.306321421
8195,5426706.76990436
8196,5413775.640340479
8197,5400950.959224982
8198,5388107.986764403
8199,5375246.70369087
8200,5362367.090738239
8201,5349492.753887676
8202,5336706.7894123085
8203,5323902.622859306
8204,5311080.235164537
8205,5298239.607266017
8206,5285427.368686593
8207,5272680.182002596
8208,5259914.88263134
8209,5247131.451712406
8210,5234329.870387883
8211,5221584.893701543
8212,5208876.545888049
8213,5196150.1748990035
8214,5183405.762077693
8215,5170643.288770276
8216,5157970.598079122
8217,5145301.150135997
8218,5132613.768648857
8219,5119908.435164584
8220,5107202.2751182495
8221,5094589.613500129
8222,5081959.126340897
8223,5069310.795387348
8224,5056644.602389942
8225,5044020.666173761
8226,5031446.936496324
8227,5018855.470940947
8228,5006246.251457519
8229,4993619.259999955
8230,4981082.167865001
8231,4968547.430732389
8232,4955995.047499932
8233,4943425.00032054
8234,4930869.65887415
8235,4918391.513343513
8236,4905895.829253252
8237,4893382.58895452
8238,4880851.774803159
8239,4868392.429267332
8240,4855953.30736207
8241,4843496.736697639
8242,4831022.6998275975
8243,4818554.763111086
8244,4806172.066582579
8245,4793772.028454689
8246,4781354.63147795
8247,4768919.858408257
8248,4756556.56795297
8249,4744212.925409838
8250,4731852.031083888
8251,4719473.86792746
8252,4707111.15093137
8253,4694823.767164468
8254,4682519.238389704
8255,4670197.547755042
8256,4657858.678414559
8257,4645608.773843281
8258,4633360.473660346
8259,4621095.118295835
8260,4608812.69109891
8261,4596572.0481688725
8262,4584379.839756051
8263,4572170.682547244
8264,4559944.560085927
8265,4547717.577505337
8266,4535581.324175815
8267,4523428.228142788
8268,4511258.273143216
8269,4499071.442921128
8270,4486968.8010703605
8271,4474871.629365077
8272,4462757.704684891
8273,4450627.010966753
8274,4438546.033224971
8275,4426504.649128631
8276,4414446.617754205
8277,4402371.923230781
8278,4390316.674012462
8279,4378330.940932787
8280,4366328.665976608
8281,4354309.833464368
8282,4342284.269316809
8283,4330354.050785437
8284,4318407.395483479
8285,4306444.2879218655
8286,4294464.71261972
8287,4282577.419097767
8288,4270686.246806792
8289,4258778.727255593
8290,4246854.8451532265
8291,4235004.382550476
8292,4223168.556745326
8293,4211316.488381964
8294,4199448.162358571
8295,4187638.1759317154
8296,4175857.5602027103
8297,4164060.8063196256
8298,4152247.8993688948
8299,4140481.933947517
8300,4128756.391997768
8301,4117014.815999729
8302,4105257.1912272116
8303,4093538.693004723
8304,4081868.088647493
8305,4070181.5540488837
8306,4058479.0746692736
8307,4046811.392966927
8308,4035195.5901229377
8309,4023563.9605451464
8310,4011916.489879687
8311,4000302.878883871
8312,3988741.74157863
8313,3977164.8807473774
8314,3965572.2822210784
8315,3954015.902694483
8316,3942509.2950557116
8317,3930987.0667983727
8318,3919449.203937444
8319,3907953.1249042996
8320,3896500.911159196
8321,3885033.1794021265
8322,3873549.9158312306
8323,3862117.1162370862
8324,3850719.1607097117
8325,3839305.7894756417
8326,3827876.988915345
8327,3816510.3592615807
8328,3805166.526370183
8329,3793807.379775518
8330,3782432.906039487
8331,3771135.2499931375
8332,3759845.404247533
8333,3748540.346499735
8334,3737220.0634921854
8335,3725994.0994712515
8336,3714758.1054702173
8337,3703507.0008651284
8338,3692266.234125325
8339,3681170.551206699
8340,3670059.967838925
8341,3658934.471193976
8342,3647794.04845556
8343,3636638.686819139
8344,3625468.3734920565
8345,3614455.0887141796
8346,3603439.1983584454
8347,3592408.5647529555
8348,3581363.1753632175
8349,3570303.0176668926
8350,3559228.07915381
8351,3548284.034015403
8352,3537362.3028485235
8353,3526425.997351682
8354,3515475.105269529
8355,3504509.6143591884
8356,3493529.5123902727
8357,3482666.4445779338
8358,3471838.340628731
8359,3460995.8301633606
8360,3450138.90120294
8361,3439267.5417813193
8362,3428381.739945219
8363,3417610.8385985643
8364,3406875.8317303956
8365,3396126.5850554705
8366,3385363.086868644
8367,3374585.325477834
8368,3363793.289204123
8369,3353125.211309645
8370,3342482.77320315
8371,3331826.2608964667
8372,3321155.6629555123
8373,3310470.967959563
8374,3299772.164501361
8375,3289217.0508774146
8376,3278666.655013308
8377,3268102.3494543056
8378,3257524.123034693
8379,3246931.9646024164
8380,3236338.496883704
8381,3225893.3539012517
8382,3215434.4755433127
8383,3204961.8508960065
8384,3194475.469059327
8385,3183975.3191471635
8386,3173514.951014174
8387,3163160.6405232
8388,3152792.75670136
8389,3142411.288897477
8390,3132016.226474527
8391,3121607.558809647
8392,3111288.967282828
8393,3101024.969156742
8394,3090747.558650379
8395,3080456.7253725794
8396,3070152.458946569
8397,3059834.749010073
8398,3049666.154999913
8399,3039491.950843529
8400,3029304.494164887
8401,3019103.7748301537
8402,3008889.782720143
8403,2998723.533119168
8404,2988651.6901135882
8405,2978566.7632466475
8406,2968468.742624364
8407,2958357.6183675467
8408,2948233.3806119068
8409,2938233.5669710194
8410,2928250.328847757
8411,2918254.1642887043
8412,2908245.0636515548
8413,2898223.017309104
8414,2888243.95121485
8415,2878361.566447731
8416,2868466.4209933416
8417,2858558.5054431814
8418,2848637.8104039743
8419,2838704.326497786
8420,2828906.443850485
8421,2819111.48619421
8422,2809303.92286045
8423,2799483.7446868233
8424,2789650.9425264145
8425,2779890.5339267245
8426,2770194.9383757743
8427,2760486.900011608
8428,2750766.4098996827
8429,2741033.4591210936
8430,2731319.0270319115
8431,2721721.9734691475
8432,2712112.638413441
8433,2702491.0131550636
8434,2692857.089000029
8435,2683210.857270206
8436,2673697.4169531306
8437,2664185.969092665
8438,2654662.3910375214
8439,2645126.6743156477
8440,2635578.8104709573
8441,2626125.7356454055
8442,2616711.3643774395
8443,2607285.0213955706
8444,2597846.6984466915
8445,2588396.38729381
8446,2579011.0491912263
8447,2569692.9493862614
8448,2560363.0348308375
8449,2551021.2974878103
8450,2541667.7293362482
8451,2532357.141256401
8452,2523134.5132213845
8453,2513900.2258917606
8454,2504654.271443425
8455,2495396.6420685737
8456,2486167.4704316882
8457,2477039.519873378
8458,2467900.0639785244
8459,2458749.0951330718
8460,2449586.6057394007
8461,2440445.180855131
8462,2431411.1188438796
8463,2422365.703965972
8464,2413308.9288145425
8465,2404240.7859992418
8466,2395193.1125590075
8467,2386252.155492725
8468,2377299.9965511956
8469,2368336.6285317955
8470,2359362.0442485735
8471,2350413.8115477986
8472,2341565.1811162834
8473,2332705.498332013
8474,2323834.756193758
8475,2314952.9477170412
8476,2306109.539613402
8477,2297352.462762982
8478,2288584.481622897
8479,2279805.589390461
8480,2271015.7792798425
8481,2262282.283893941
8482,2253615.992792306
8483,2244938.9440142172
8484,2236251.1309526954
8485,2227552.547017679
8486,2218933.7661818652
8487,2210357.498183312
8488,2201770.617681039
8489,2193173.1182609648
8490,2184564.9935260233
8491,2176065.451987507
8492,2167578.4495983496
8493,2159080.9784471532
8494,2150573.0323099396
8495,2142066.72813087
8496,2133678.5593636674
8497,2125280.0702080717
8498,2116871.254610369
8499,2108452.106533934
8500,2100074.6110457066
8501,2091774.0674970562
8502,2083463.3442830238
8503,2075142.4355344106
8504,2066811.3353991401
8505,2058566.3842432278
8506,2050352.7250717925
8507,2042129.0255575206
8508,2033895.2800129934
8509,2025661.0987951346
8510,2017557.8297024688
8511,2009444.6812125568
8512,2001321.647809668
8513,1993188.7239951936
8514,1985045.9042877392
8515,1977038.0726784351
8516,1969024.3795035759
8517,1961000.9549533795
8518,1952967.793714749
8519,1944924.890491788
8520,1937008.792198885
8521,1929093.508484995
8522,1921168.6450587744
8523,1913234.19678929
8524,1905290.1585628525
8525,1897471.3529610503
8526,1889653.4422865035
8527,1881826.101705319
8528,1873989.326265524
8529,1866143.111032376
8530,1858426.8175458168
8531,1850705.2528420808
8532,1842974.4061974087
8533,1835234.2728355196
8534,1827493.0636200574
8535,1819875.9582703377
8536,1812249.7217434247
8537,1804614.3494183929
8538,1796969.836691491
8539,1789342.1986265376
8540,1781819.2686887588
8541,1774287.3517413482
8542,1766746.4433327408
8543,1759196.539028567
8544,1751689.5343274034
8545,1744267.6826282586
8546,1736836.9957061703
8547,1729397.469280423
8548,1721949.0990874474
8549,1714533.3261633457
8550,1707211.599441166
8551,1699881.187489106
8552,1692542.0861939704
8553,1685194.2914596898
8554,1677874.2074592495
8555,1670651.6795140235
8556,1663420.614575278
8557,1656181.008694114
8558,1648932.8579387045
8559,1641712.5606557548
8560,1634588.3336940205
8561,1627455.7162566502
8562,1620314.7045557874
8563,1613165.2948206565
8564,1606048.5337946108
8565,1599021.739920186
8566,1591986.700409076
8567,1584943.4116313185
8568,1577891.8699739673
8569,1570882.0570389603
8570,1563951.8599063777
8571,1557013.5603381952
8572,1550067.154859219
8573,1543112.6400112337
8574,1536212.8592653906
8575,1529378.4559152059
8576,1522536.0917354524
8577,1515685.7634026054
8578,1508827.4676100463
8579,1502040.4847621636
8580,1495301.1076604987
8581,1488553.9097848595
8582,1481798.8879603609
8583,1475036.0390289407
8584,1468364.3100651135
8585,1461719.22937267
8586,1455066.4664582126
8587,1448406.0182924373
8588,1441737.8818628176
8589,1435183.5609565647
8590,1428632.08705692
8591,1422073.0680326226
8592,1415506.5009970062
8593,1408948.436657613
8594,1402497.3296454388
8595,1396038.815966702
8596,1389572.892857811
8597,1383099.55757176
8598,1376663.4735070644
8599,1370304.5921343712
8600,1363938.4383044771
8601,1357565.0093906582
8602,1351184.3027826783
8603,1344871.4308457035
8604,1338604.2257636406
8605,1332329.8811462428
8606,1326048.3945007445
8607,1319759.763350805
8608,1313571.051392394
8609,1307395.0268982623
8610,1301211.9945646303
8611,1295021.9520298948
8612,1288839.4166236778
8613,1282761.010185034
8614,1276675.7286918769
8615,1270583.5698947243
8616,1264484.5315602976
8617,1258428.0989093871
8618,1252439.9317300073
8619,1246445.0188159307
8620,1240443.3580433335
8621,1234434.9473045107
8622,1228504.6392903454
8623,1222606.4068478656
8624,1216701.556978871
8625,1210790.0876824574
8626,1204871.9969737148
8627,1199067.5358445756
8628,1193259.0089324997
8629,1187443.9919720679
8630,1181622.4830825946
8631,1175827.8831704098
8632,1170115.2770577152
8633,1164396.3092122874
8634,1158670.977855203
8635,1152939.2812232743
8636,1147269.5823295778
8637,1141646.354403913
8638,1136016.8904222061
8639,1130381.1887204933
8640,1124739.2476504424
8641,1119193.0755145298
8642,1113659.2722864042
8643,1108119.3580421093
8644,1102573.3312299997
8645,1097034.9619125542
8646,1091596.3232675465
8647,1086151.6991381792
8648,1080701.0880670748
8649,1075244.488612174
8650,1069826.6939555872
8651,1064475.7773513978
8652,1059118.9970688226
8653,1053756.3517572067
8654,1048387.8400810693
8655,1043092.9264438635
8656,1037828.4184494801
8657,1032558.1664576359
8658,1027282.1692214245
8659,1022004.1967339161
8660,1016830.4284823571
8661,1011651.0349832297
8662,1006466.0150756305
8663,1001275.3676135263
8664,996125.8337943105
8665,991035.7894719725
8666,985940.2353335201
8667,980839.1703162115
8668,975732.593372055
8669,970713.0056384377
8670,965705.4307875542
8671,960692.4595274563
8672,955674.0908908071
8673,950683.0159092528
8674,945761.9584799577
8675,940835.6169444075
8676,935903.9904134736
8677,930967.0780124728
8678,926109.9443009055
8679,921268.7926604042
8680,916422.4662752143
8681,911570.9643463383
8682,906749.2950609252
8683,901991.9172483254
8684,897229.4728491753
8685,892461.9611378675
8686,887689.3814029157
8687,883004.7133398924
8688,878324.756136356
8689,873639.8377945994
8690,868949.9576740792
8691,864306.7067220721
8692,859707.8648721208
8693,855104.1660369174
8694,850495.6096446688
8695,845897.2369705408
8696,841378.1611695449
8697,836854.3305512529
8698,832325.7446104372
8699,827792.4028555256
8700,823334.8307187025
8701,818889.5391988114
8702,814439.5926390825
8703,809984.9906122386
8704,805576.8925600693
8705,801208.8327982185
8706,796836.2163620823
8707,792459.0428866358
8708,788103.2084496055
8709,783811.0944994581
8710,779514.5203575495
8711,775213.4857190668
8712,770912.4918320399
8713,766695.0587657739
8714,762473.2601407003
8715,758247.0957102631
8716,754016.5652409089
8717,749859.3199793487
8718,745711.050777898
8719,741558.5086436936
8720,737401.6933993612
8721,733312.8861312498
8722,729252.1908936339
8723,725187.3294766159
8724,721118.3017575629
8725,717045.1076264817
8726,713053.5177981072
8727,709074.5568743409
8728,705091.5339904815
8729,701104.4490888608
8730,697115.7062402512
8731,693220.9001528705
8732,689322.1340339063
8733,685419.4078758435
8734,681512.7216833949
8735,677626.7804409623
8736,673810.5569910218
8737,669990.4731167741
8738,666166.5288707769
8739,662338.7243176531
8740,658556.9854310077
8741,654817.8607722213
8742,651074.9730891337
8743,647328.322491957
8744,643577.9091027747
8745,639901.5292512042
8746,636238.0455652451
8747,632570.8940908156
8748,628900.0749934207
8749,625241.1943613142
8750,621655.4943113517
8751,618066.2193799213
8752,614473.3697740543
8753,610876.9457122451
8754,607326.8384443128
8755,603813.8491265343
8756,600297.3759102091
8757,596777.4190532907
8758,593253.9788250346
8759,589813.1183114315
8760,586371.4594877838
8761,582926.4057114151
8762,579477.9572890329
8763,576063.1592459509
8764,572694.7833407746
8765,569323.0990893024
8766,565948.1068339661
8767,562569.8069281048
8768,559266.319606362
8769,555966.5013199605
8770,552663.4596338383
8771,549357.1949351868
8772,546084.8617291435
8773,542855.4352812665
8774,539622.868044087
8775,536387.1604369986
8776,533149.0359353998
8777,529988.5560804142
8778,526825.0160961786
8779,523658.4164327164
8780,520488.75755039207
8781,517364.3620284419
8782,514268.43048217415
8783,511169.5180379705
8784,508067.62518511235
8785,504981.20512442867
8786,501951.4910487327
8787,498918.8729886998
8788,495883.35146103014
8789,492844.92699239915
8790,489872.4408194062
8791,486904.7516730978
8792,483934.2341718841
8793,480960.8888682573
8794,478029.3955633672
8795,475125.2967098638
8796,472218.4428259675
8797,469308.834488593
8798,466420.35292812495
8799,463578.53209024563
8800,460734.0277975222
8801,457886.84064994194
8802,455043.20115312363
8803,452262.371900826
8804,449478.9290587096
8805,446692.8732485446
8806,443904.20510136324
8807,441188.4639828407
8808,438480.5708105847
8809,435770.14759943454
8810,433057.1949970058
8811,430341.713659941
8812,427686.176835894
8813,425050.32370167103
8814,422412.0225074147
8815,419771.27392447344
8816,417128.0786330217
8817,414533.9043594251
8818,411973.9576422422
8819,409411.6476775822
8820,406846.97515719524
8821,404279.9407814174
8822,401720.07635291014
8823,399233.917604329
8824,396745.47769232595
8825,394254.75732725224
8826,391761.7572278103
8827,389266.4781210744
8828,386826.33650095266
8829,384409.70225868234
8830,381990.86701737985
8831,379569.831512393
8832,377146.5964872232
8833,374747.08297228377
8834,372400.24534816766
8835,370051.2836098586
8836,367700.19850771036
8837,365346.99080000306
8838,362991.78835252114
8839,360712.79220005684
8840,358431.7463262211
8841,356148.65149480925
8842,353863.5084773369
8843,351576.3180530337
8844,349342.8146509683
8845,347127.77959237905
8846,344910.7675640098
8847,342691.7793491121
8848,340470.8157384556
8849,338285.5948780014
8850,336134.7168164455
8851,333981.9314274299
8852,331827.2395045372
8853,329670.64184865524
8854,327536.24763837655
8855,325447.72266223846
8856,323357.3577264247
8857,321265.1536335125
8858,319171.11119317514
8859,317089.7410847582
8860,315061.8138976166
8861,313032.11191301147
8862,311000.6359412241
8863,308967.38679944124
8864,306940.9162314933
8865,304971.8788929852
8866,303001.129780641
8867,301028.66971124586
8868,299054.4995082905
8869,297084.5051435168
8870,295172.6958416342
8871,293259.23571608384
8872,291344.12558899284
8873,289427.3662890095
8874,287515.1479161632
8875,285658.94977026875
8876,283801.1597406737
8877,281941.7786537633
8878,280080.8073422553
8879,278227.4085108418
8880,276425.2484046325
8881,274621.55340597034
8882,272816.3243444547
8883,271009.5620558472
8884,269215.78950844455
8885,267466.1369521453
8886,265715.0046056458
8887,263962.39330078417
8888,262208.30387538037
8889,260474.74583925426
8890,258776.11186034675
8891,257076.0513625196
8892,255374.56517892377
8893,253671.65414852358
8894,251998.69754539983
8895,250349.63360716088
8896,248699.19464669147
8897,247047.3814975785
8898,245394.19499904895
8899,243790.89802261099
8900,242201.48745531854
8901,240610.76115625445
8902,239018.71995263782
8903,237425.3646771187
8904,235830.6961677893
8905,234298.72469993637
8906,232765.58062226223
8907,231231.17849582632
8908,229695.51914599043
8909,228158.60340336355
8910,226637.9833302438
8911,225160.36474538877
8912,223681.54263348834
8913,222201.5178119651
8914,220720.29110329226
8915,219237.86333500204
8916,217791.54393943987
8917,216366.31410365232
8918,214939.9338281
8919,213512.40392653702
8920,212083.7252175866
8921,210655.30182318194
8922,209281.74544905225
8923,207907.08874855537
8924,206531.33252619245
8925,205154.47759115792
8926,203776.524757334
8927,202423.87199142954
8928,201099.0845816021
8929,199773.24568134514
8930,198446.356089939
8931,197118.4166111857
8932,195789.42805340386
8933,194511.83340612677
8934,193234.11998988295
8935,191955.4019120375
8936,190675.67996588204
8937,189394.95494905827
8938,188141.08470686714
8939,186909.76727762658
8940,185677.48930254663
8941,184444.25156403464
8942,183210.05484868345
8943,181982.4505746207
8944,180795.85987006046
8945,179608.35089693192
8946,178419.92442641698
8947,177230.58123373176
8948,176040.32209812102
8949,174887.9538645135
8950,173743.60106253176
8951,172598.3712629097
8952,171452.2652291891
8953,170305.28372879486
8954,169181.51053249266
8955,168078.7573680282
8956,166975.16600918345
8957,165870.73720757992
8958,164765.471718568
8959,163671.91597433385
8960,162609.26030306448
8961,161545.8036114022
8962,160481.54663882422
8963,159416.4901283998
8964,158354.49914112053
8965,157330.4913630529
8966,156305.71817399614
8967,155280.18030110153
8968,154253.87847497282
8969,153226.81342966485
8970,152237.78960736026
8971,151250.29957882088
8972,150262.07896104574
8973,149273.12847202824
8974,148283.44883307783
8975,147326.46679268254
8976,146374.9086775305
8977,145422.65262522333
8978,144469.69934102002
8979,143516.04953337242
8980,142600.40209311922
8981,141694.3304470229
8982,140787.6000257923
8983,139880.211513663
8984,138972.1655978998
8985,138063.4629688002
8986,137167.08296895257
8987,136303.68592022144
8988,135439.66778139974
8989,134575.029218926
8990,133709.77090211297
8991,132843.8935031503
8992,131977.39769710737
8993,131147.56215844568
8994,130324.23790751667
8995,129500.32883459273
8996,128675.83559111647
8997,127850.75883126217
8998,127025.09921193749
8999,126218.86391378634
9000,125434.30784023773
9001,124649.20058857117
9002,123863.54279248099
9003,123077.33508825138
9004,122290.57811475825
9005,121510.41445263068
9006,120762.78938572535
9007,120014.64492926691
9008,119265.98169935078
9009,118516.80031452944
9010,117767.10139581471
9011,117016.8855666798
9012,116302.546904556
9013,115589.61089092016
9014,114876.18611703154
9015,114162.27318389917
9016,113447.87269486458
9017,112732.98525560403
9018,112046.43118986621
9019,111367.03014504595
9020,110687.16868796266
9021,110006.84740229763
9022,109326.06687394256
9023,108644.82769100078
9024,107987.30941460792
9025,107339.84711359655
9026,106691.95117102214
9027,106043.62215347424
9028,105394.86062963777
9029,104745.66717029441
9030,104118.0914941865
9031,103501.0454904346
9032,102883.59112204911
9033,102265.7289387844
9034,101647.4594923848
9035,101028.78333657964
9036,100431.75318379274
9037,99843.67149071502
9038,99255.20529548846
9039,98666.35513131093
9040,98077.12153326614
9041,97487.50503831869
9042,96921.35620476514
9043,96360.85412279812
9044,95799.99006205739
9045,95238.76453947739
9046,94677.17807377884
9047,94115.23118546477
9048,93580.06567110942
9049,93045.8227540939
9050,92511.23911410404
9051,91976.31525211815
9052,91441.05167080424
9053,90910.08676035292
9054,90401.16506584418
9055,89891.92222076126
9056,89382.35870884413
9057,88872.47501543228
9058,88362.2716274659
9059,87863.21006814553
9060,87378.06899689067
9061,86892.6257112372
9062,86406.8806797008
9063,85920.83437231185
9064,85434.48726061606
9065,84966.8378999362
9066,84504.3339438028
9067,84041.5456351201
9068,83578.47342751118
9069,83115.11777603546
9070,82655.3132663004
9071,82214.62420024106
9072,81773.66718950983
9073,81332.44267181978
9074,80890.9510862427
9075,80449.1928732093
9076,80020.58070004811
9077,79600.38343079784
9078,79179.93411544237
9079,78759.2331775621
9080,78338.28104202266
9081,77919.24923124957
9082,77518.79149123054
9083,77118.09628587271
9084,76717.16402375283
9085,76315.9951146656
9086,75914.58996962049
9087,75525.96381835824
9088,75144.05061502133
9089,74761.91408943027
9090,74379.55463679007
9091,73996.97265345766
9092,73618.96262483895
9093,73254.90599993018
9094,72890.63900182015
9095,72526.1620116009
9096,72161.47541145378
9097,71796.57958464787
9098,71447.77169605588
9099,71100.49255007997
9100,70753.01560533342
9101,70405.34123029253
9102,70057.46979446452
9103,69719.76868978147
9104,69388.63815905429
9105,69057.32132238027
9106,68725.81853499307
9107,68394.13015310022
9108,68068.03968537519
9109,67752.25897289826
9110,67436.30278569798
9111,67120.17146621375
9112,66803.86535780833
9113,66489.75783099423
9114,66188.5666733799
9115,65887.21024750856
9116,65585.6888834711
9117,65284.0029122283
9118,64982.15266561336
9119,64694.8091478154
9120,64407.328345460286
9121,64119.69220961982
9122,63831.90105929103
9123,63543.95521429257
9124,63268.27711249205
9125,62993.98281026303
9126,62719.54222281277
9127,62444.95565759725
9128,62170.22342285124
9129,61906.30978896159
9130,61644.54622237753
9131,61382.64489367583
9132,61120.606099184195
9133,60858.43013596833
9134,60606.29972275521
9135,60356.44290747965
9136,60106.45635760704
9137,59856.34035874398
9138,59606.09519719185
9139,59365.696826840634
9140,59127.153053166956
9141,58888.48710482915
9142,58649.69925710472
9143,58410.78978592793
9144,58182.011725411634
9145,57954.21612267296
9146,57726.30546410152
9147,57498.28001502885
9148,57270.29469147978
9149,57052.818467403085
9150,56835.23363511482
9151,56617.54044978423
9152,56399.73916716858
9153,56183.53968208435
9154,55975.75667336778
9155,55767.87137606938
9156,55559.88403618003
9157,55351.794900247696
9158,55147.108911964875
9159,54948.5331740622
9160,54749.861096940534
9161,54551.09291776167
9162,54352.228874215296
9163,54158.75389271816
9164,53968.92319415558
9165,53779.001756680125
9166,53588.98980896726
9167,53398.8875801893
9168,53216.296437433324
9169,53034.7711299557
9170,52853.16035487439
9171,52671.464332707794
9172,52491.21212481826
9173,52317.797180108195
9174,52144.30158306094
9175,51970.725545736976
9176,51797.06928064338
9177,51626.920372550485
9178,51461.119946414634
9179,51295.243602932955
9180,51129.29154650411
9181,50963.2639819464
9182,50802.87864836223
9183,50644.30305549594
9184,50485.6559976229
9185,50326.93767179037
9186,50168.82743185725
9187,50017.17393199211
9188,49865.452963868316
9189,49713.66471710704
9190,49561.809381704836
9191,49413.116417161735
9192,49267.96192041631
9193,49122.743898295375
9194,48977.46253368255
9195,48832.11800981688
9196,48692.455696741265
9197,48553.46638805628
9198,48414.417261240706
9199,48275.30849272001
9200,48138.20420933008
9201,48005.11953145109
9202,47871.978351161604
9203,47738.78083838369
9204,47605.52716335639
9205,47476.99018955536
9206,47349.44923589963
9207,47221.85506302636
9208,47094.20783494969
9209,46968.3676856512
9210,46846.13498268254
9211,46723.851989504736
9212,46601.51886419081
9213,46479.13576509767
9214,46361.34491892096
9215,46244.09591359213
9216,46126.79952621766
9217,46009.455909471784
9218,45894.3949270035
9219,45781.91693766335
9220,45669.39415376549
9221,45556.82672256305
9222,45444.60943890823
9223,45336.65300231054
9224,45228.65420581742
9225,45120.61319151138
9226,45012.530101717384
9227,44907.6516439442
9228,44803.940060444285
9229,44700.18854525422
9230,44596.397235757075
9231,44494.271504161385
9232,44394.622557700946
9233,44294.93583097702
9234,44195.21145666205
9235,44095.88361455134
9236,44000.08431632707
9237,43904.249262743404
9238,43808.378581983445
9239,43712.47240243524
9240,43619.72084605791
9241,43527.535364179545
9242,43435.31615692716
9243,43343.06334840122
9244,43252.94147552822
9245,43164.21392527513
9246,43075.45444008199
9247,42986.66313996421
9248,42899.63091450915
9249,42815.358730554755
9250,42731.05671495172
9251,42646.724982221866
9252,42562.3636470601
9253,42477.972824333476
9254,42396.27632903798
9255,42316.07890722285
9256,42235.85381076693
9257,42155.601149401344
9258,42075.32103301839
9259,41995.01357167044
9260,41918.41628293743
9261,41841.99941303275
9262,41765.55685538099
9263,41689.088715235266
9264,41612.5950979987
9265,41537.2121342719
9266,41464.32621366687
9267,41391.41633556131
9268,41318.482600884825
9269,41245.525110707254
9270,41172.54396623779
9271,41102.00988445225
9272,41032.37494015178
9273,40962.71773095159
9274,40893.03835388417
9275,40823.336906112665
9276,40754.24171789011
9277,40687.64227299841
9278,40621.02203198212
9279,40554.38108811469
9280,40487.719534791286
9281,40421.037465528934
9282,40356.44584099234
9283,40292.640059200225
9284,40228.81492737813
9285,40164.97053541465
9286,40101.10697331186
9287,40038.03398470549
9288,39976.8360145104
9289,39915.619944492
9290,39854.3858612761
9291,39793.133851595194
9292,39731.86400228765
9293,39672.89613384455
9294,39614.09713998159
9295,39555.281286281424
9296,39496.44865643579
9297,39437.59933423552
9298,39380.13052772123
9299,39323.57035864072
9300,39266.994397570386
9301,39210.40272537519
9302,39153.79542301361
9303,39097.87454938851
9304,39043.38772852397
9305,38988.88610541471
9306,38934.36975829901
9307,38879.83876550333
9308,38825.48975641994
9309,38772.9226885844
9310,38720.34173694838
9311,38667.746977311406
9312,38615.13848555522
9313,38562.51633764392
9314,38511.57466352436
9315,38460.77177262287
9316,38409.955924841524
9317,38359.12719379327
9318,38308.285653167884
9319,38258.76943759301
9320,38209.612277418586
9321,38160.44295231493
9322,38111.26153378948
9323,38062.0680934223
9324,38013.95927294622
9325,37966.32507271239
9326,37918.679445568436
9327,37871.02246106879
9328,37823.35418883645
9329,37776.62281272132
9330,37730.39768921587
9331,37684.16182768899
9332,37637.91529588482
9333,37591.65816161199
9334,37546.264804103856
9335,37501.34313650406
9336,37456.41137504031
9337,37411.46958577948
9338,37366.5178348487
9339,37322.41567230962
9340,37278.69952028974
9341,37234.97387786109
9342,37191.238809536735
9343,37147.494379886644
9344,37104.630972531064
9345,37062.02953470377
9346,37019.4191729089
9347,36976.799950220644
9348,36934.17192976702
9349,36892.49074344507
9350,36850.919853380685
9351,36809.34057215021
9352,36767.75296149661
9353,36726.20917618626
9354,36685.59878281602
9355,36644.9804400652
9356,36604.35420839685
9357,36563.72014832216
9358,36523.31245554455
9359,36483.581862994935
9360,36443.8437967185
9361,36404.09831604197
9362,36364.345480337346
9363,36325.00661542528
9364,36286.08890170688
9365,36247.164164676484
9366,36208.23246261061
9367,36169.293853827905
9368,36131.04984658138
9369,36093.00298338772
9370,36054.94954514795
9371,36016.8895889877
9372,35978.82317207229
9373,35941.00388017796
9374,35903.751762803935
9375,35866.49349299816
9376,35829.22912683629
9377,35791.95872043141
9378,35754.68232993344
9379,35718.06574246111
9380,35681.53296731051
9381,35644.99449454802
9382,35608.45037932703
9383,35571.90067683564
9384,35535.6886709903
9385,35499.81764431136
9386,35463.94129840142
9387,35428.05968753961
9388,35392.172866037006
9389,35356.3777022116
9390,35321.110119054196
9391,35285.83757689379
9392,35250.56012921265
9393,35215.27782952312
9394,35179.99073136704
9395,35145.18594423127
9396,35110.463878801085
9397,35075.737251185805
9398,35041.00611416986
9399,35006.270520565085
9400,34971.83353543461
9401,34937.61320456179
9402,34903.38864052151
9403,34869.15989543508
9404,34834.92702144951
9405,34800.85396812119
9406,34767.09083647987
9407,34733.32378796581
9408,34699.552874096196
9409,34665.778146412136
9410,34632.06068794925
9411,34598.71407964572
9412,34565.363859470526
9413,34532.01007839091
9414,34498.652787395724
9415,34465.292037495674
9416,34432.31193233146
9417,34399.34139474133
9418,34366.367590733396
9419,34333.3905707937
9420,34300.410385427866
9421,34267.72470186322
9422,34235.09994900732
9423,34202.47221539682
9424,34169.84155105918
9425,34137.20800603964
9426,34104.8035795756
9427,34072.493691795826
9428,34040.181101120615
9429,34007.865857158984
9430,33975.54800953629
9431,33943.41018635876
9432,33911.386974386536
9433,33879.36133048379
9434,33847.3333038774
9435,33815.302943809045
9436,33783.41609849189
9437,33751.65387578904
9438,33719.889486036955
9439,33688.12297811349
9440,33656.354400909404
9441,33624.70236187374
9442,33593.177735493526
9443,33561.65120158357
9444,33530.12280870213
9445,33498.592605419
9446,33467.15900139454
9447,33435.85067986731
9448,33404.54070560972
9449,33373.22912688678
9450,33341.915991973685
9451,33310.68453101017
9452,33279.57314787577
9453,33248.46036265899
9454,33217.34622335582
9455,33186.23077797042
9456,33155.18546905919
9457,33124.2534207753
9458,33093.320217409964
9459,33062.38590671123
9460,33031.45053643368
9461,33000.57586249104
9462,32969.807159546464
9463,32939.03754532008
9464,32908.26706733065
9465,32877.49577310226
9466,32846.77682291847
9467,32816.15695307318
9468,32785.53641293752
9469,32754.91524981758
9470,32724.29351102346
9471,32693.71607678322
9472,32663.231879437146
9473,32632.7472503296
9474,32602.262236569073
9475,32571.776885266223
9476,32541.335371663103
9477,32511.002023886624
9478,32480.668480893277
9479,32450.33478956479
9480,32420.000996783783
9481,32389.667149433324
9482,32359.333294397005
9483,32329.130260859725
9484,32298.929303489254
9485,32268.728478500634
9486,32238.527832570733
9487,32208.32741237508
9488,32178.127264588074
9489,32148.01398150776
9490,32117.929937167883
9491,32087.846303671977
9492,32057.763127507398
9493,32027.680455158832
9494,31997.59833310785
9495,31967.575148269214
9496,31937.594459278094
9497,31907.614457710235
9498,31877.63518987693
9499,31847.656702085118
9500,31817.67904063693
9501,31787.744013626783
9502,31757.854988135783
9503,31727.966925066405
9504,31698.0798705644
9505,31668.193870769403
9506,31638.30897181457
9507,31608.45860459481
9508,31578.651196041592
9509,31548.845023569473
9510,31519.040133166545
9511,31489.236570813187
9512,31459.43438248158
9513,31429.66418865654
9514,31399.929800532616
9515,31370.19692100124
9516,31340.465595898717
9517,31310.735871051886
9518,31281.00779227774
9519,31251.312735366053
9520,31221.6440484401
9521,31191.977141617794
9522,31162.312060587436
9523,31132.64885102628
9524,31102.987558599798
9525,31073.362384431086
9526,31043.753203888235
9527,31014.146074070533
9528,30984.5410405206
9529,30954.93814876811
9530,30925.337444329354
9531,30895.77692833253
9532,30866.222048572476
9533,30836.669489349606
9534,30807.11929606128
9535,30777.57151409033
9536,30748.032774543397
9537,30718.52531530723
9538,30689.02040039712
9539,30659.518075080334
9540,30630.018384608404
9541,30600.521374216583
9542,30571.042511536154
9543,30541.58117673392
9544,30512.12265473594
9545,30482.66699066346
9546,30453.21422962027
9547,30423.7644166923
9548,30394.34049252418
9549,30364.92238154174
9550,30335.507351134103
9551,30306.09544627361
9552,30276.686711913597
9553,30247.288321224718
9554,30217.90781878007
9555,30188.530619131845
9556,30159.156767120337
9557,30129.78630756549
9558,30100.419285266344
9559,30071.070751730203
9560,30041.729096936404
9561,30012.39101143438
9562,29983.056539909016
9563,29953.72572702318
9564,29924.404167255903
9565,29895.096224171873
9566,29865.792071585933
9567,29836.49175404611
9568,29807.195316076737
9569,29777.90280217856
9570,29748.626546069063
9571,29719.35488890343
9572,29690.08728738177
9573,29660.82378588753
9574,29631.564428778842
9575,29602.315667336738
9576,29573.075414263676
9577,29543.83943693556
9578,29514.60777959147
9579,29485.380486444046
9580,29456.160196063425
9581,29426.95055793436
9582,29397.745415125126
9583,29368.544811726555
9584,29339.34879180195
9585,29310.157681164903
9586,29280.9781322728
9587,29251.80329771666
9588,29222.633221435204
9589,29193.467947338366
9590,29164.307519306712
9591,29135.156790127352
9592,29106.01196686628
9593,29076.87212014647
9594,29047.737293719878
9595,29018.607531308022
9596,28989.485961165316
9597,28960.37105154628
9598,28931.261336100753
9599,28902.15685841844
9600,28873.05766205703
9601,28843.965787840163
9602,28814.880867130505
9603,28785.801357554785
9604,28756.727302535433
9605,28727.658745461766
9606,28698.597062296023
9607,28669.542355493388
9608,28640.493276075074
9609,28611.449867291012
9610,28582.41217235692
9611,28553.381165171915
9612,28524.357026632868
9613,28495.338730979307
9614,28466.32632128383
9615,28437.31984058318
9616,28408.32000699367
9617,28379.326902547553
9618,28350.3398557002
9619,28321.358909341347
9620,28292.38410632363
9621,28263.415972625524
9622,28234.4544638811
9623,28205.499226621854
9624,28176.5503035492
9625,28147.607737326485
9626,28118.671869084155
9627,28089.742599667185
9628,28060.819814756553
9629,28031.90355685977
9630,28002.99386844511
9631,27974.09087687393
9632,27945.194560367512
9633,27916.304940484886
9634,27887.42205953437
9635,27858.54595978353
9636,27829.67650490654
9637,27800.813914289534
9638,27771.958231472523
9639,27743.109498558886
9640,27714.26766663859
9641,27685.43254898051
9642,27656.604507385
9643,27627.78358378756
9644,27598.96982008083
9645,27570.162966569034
9646,27541.36305373813
9647,27512.570426367965
9648,27483.78512617904
9649,27455.007194848
9650,27426.236084719272
9651,27397.47227797416
9652,27368.715965043226
9653,27339.967187426333
9654,27311.225863946063
9655,27282.491433657313
9656,27253.764663136873
9657,27225.04559370434
9658,27196.33426663317
9659,27167.63023231104
9660,27138.93358549815
9661,27110.24480484378
9662,27081.563931436838
9663,27052.891006319118
9664,27024.22513529005
9665,26995.56724555209
9666,26966.917427221073
9667,26938.275721149446
9668,26909.641752095296
9669,26881.015372979382
9670,26852.397228683934
9671,26823.78735986894
9672,26795.185807145237
9673,26766.591674641353
9674,26738.005837442033
9675,26709.428438176263
9676,26680.859517257693
9677,26652.298665661478
9678,26623.745779733687
9679,26595.20149340651
9680,26566.665846893287
9681,26538.1388803561
9682,26509.619603615505
9683,26481.109082133135
9684,26452.607361124534
9685,26424.11448054712
9686,26395.629875843064
9687,26367.153777401116
9688,26338.686639269414
9689,26310.22850119713
9690,26281.77917858187
9691,26253.33816574731
9692,26224.9062722197
9693,26196.483537536405
9694,26168.070001181182
9695,26139.664844126746
9696,26111.268859636646
9697,26082.88219191705
9698,26054.504880235923
9699,26026.13625973809
9700,25997.776583558592
9701,25969.42638129068
9702,25941.08569198339
9703,25912.75455463038
9704,25884.43298261752
9705,25856.11992976055
9706,25827.816545891015
9707,25799.52286977975
9708,25771.2389401408
9709,25742.964795631608
9710,25714.699987093285
9711,25686.44445643199
9712,25658.19882690567
9713,25629.96313694411
9714,25601.737424919203
9715,25573.521729145134
9716,25545.315202085658
9717,25517.118649325268
9718,25488.9322277691
9719,25460.75597549875
9720,25432.5899305371
9721,25404.433852082155
9722,25376.287401565573
9723,25348.151272413405
9724,25320.025502412307
9725,25291.91012928897
9726,25263.80519071022
9727,25235.71012142544
9728,25207.625302723904
9729,25179.551031529085
9730,25151.487345267098
9731,25123.43428130294
9732,25095.39181517881
9733,25067.359318032202
9734,25039.337555213828
9735,25011.326563844417
9736,24983.326380982908
9737,24955.33704362605
9738,24927.358285191494
9739,24899.390042283023
9740,24871.432755773214
9741,24843.486462410216
9742,24815.551198879315
9743,24787.627001802586
9744,24759.713385668416
9745,24731.810803250395
9746,24703.919397024772
9747,24676.03920336078
9748,24648.170258563612
9749,24620.312440254158
9750,24592.465549389188
9751,24564.63001614729
9752,24536.805876577364
9753,24508.993166663564
9754,24481.191922325026
9755,24453.401796988346
9756,24425.623110432804
9757,24397.85599701973
9758,24370.10049240789
9759,24342.356632190436
9760,24314.62430561524
9761,24286.903427079862
9762,24259.194299497718
9763,24231.496958198008
9764,24203.811438443605
9765,24176.13777543078
9766,24148.47566734869
9767,24120.82547275618
9768,24093.18724024418
9769,24065.561004741194
9770,24037.94680110853
9771,24010.3444844001
9772,23982.7541573901
9773,23955.175966556537
9774,23927.609946490036
9775,23900.05613171292
9776,23872.514481453796
9777,23844.98494406011
9778,23817.467715218652
9779,23789.962829178286
9780,23762.470320118817
9781,23734.990210250147
9782,23707.522371996853
9783,23680.06701293387
9784,23652.624166964568
9785,23625.193867922753
9786,23597.77614957235
9787,23570.370927772576
9788,23542.97833382839
9789,23515.598421512103
9790,23488.231224307812
9791,23460.876775629262
9792,23433.53504431688
9793,23406.206098488325
9794,23378.8900010472
9795,23351.58678512434
9796,23324.296483779723
9797,23297.01910014893
9798,23269.75467320681
9799,23242.50325962072
9800,23215.26489216523
9801,23188.03960354307
9802,23160.82741880029
9803,23133.628369414677
9804,23106.442496547443
9805,23079.26983261353
9806,23052.11040995557
9807,23024.964268400738
9808,22997.83144327066
9809,22970.711956000167
9810,22943.60583864146
9811,22916.513123173816
9812,22889.433861404155
9813,22862.368095388083
9814,22835.31582673724
9815,22808.277087137893
9816,22781.251908203016
9817,22754.24035443109
9818,22727.24247067541
9819,22700.25824194075
9820,22673.287699544908
9821,22646.33087473147
9822,22619.387848206632
9823,22592.458658270454
9824,22565.54327914788
9825,22538.64174178529
9826,22511.754077054426
9827,22484.880387577952
9828,22458.020691552854
9829,22431.174960257893
9830,22404.343224265118
9831,22377.525514071658
9832,22350.721961593583
9833,22323.932548217963
9834,22297.157251600023
9835,22270.396101935254
9836,22243.649129343397
9837,22216.91650363135
9838,22190.19815039828
9839,22163.494064049515
9840,22136.804274401355
9841,22110.128811194016
9842,22083.467891564836
9843,22056.821364823372
9844,22030.189253180368
9845,22003.571586070517
9846,21976.968425166746
9847,21950.37994795608
9848,21923.806003006634
9849,21897.246619446178
9850,21870.701826325418
9851,21844.171736088472
9852,21817.656440269093
9853,21791.155821452525
9854,21764.669908380944
9855,21738.198729719184
9856,21711.742460116922
9857,21685.30108109563
9858,21658.87452187639
9859,21632.46281081351
9860,21606.06597618372
9861,21579.684265993805
9862,21553.317528388936
9863,21526.96575143279
9864,21500.628963090163
9865,21474.3072221549
9866,21448.000767986814
9867,21421.70938570089
9868,21395.4331029486
9869,21369.17194730316
9870,21342.926059033285
9871,21316.69552613172
9872,21290.48020241957
9873,21264.280115155274
9874,21238.095291518726
9875,21211.92596345494
9876,21185.77204646995
9877,21159.63347400407
9878,21133.510272921212
9879,21107.402470006058
9880,21081.310398214024
9881,21055.233781283256
9882,21029.17264221571
9883,21003.127007478994
9884,20977.096998768542
9885,20951.082772511967
9886,20925.084129320243
9887,20899.10109534276
9888,20873.13369664917
9889,20847.182161155746
9890,20821.24644217902
9891,20795.326436016505
9892,20769.42216841865
9893,20743.533665056064
9894,20717.661266623425
9895,20691.804709885415
9896,20665.96399370525
9897,20640.13914343299
9898,20614.33026622985
9899,20588.537575156413
9900,20562.76082534302
9901,20537.000041818697
9902,20511.25524953219
9903,20485.52666592072
9904,20459.81428881083
9905,20434.117977078593
9906,20408.437755350507
9907,20382.773648172755
9908,20357.125998339037
9909,20331.49455726383
9910,20305.879303663845
9911,20280.28026176215
9912,20254.697547986347
9913,20229.13137072982
9914,20203.581477121617
9915,20178.047891061437
9916,20152.530636368163
9917,20127.02998435611
9918,20101.545836941714
9919,20076.078091624684
9920,20050.626771899537
9921,20025.1919434841
9922,19999.77392284316
9923,19974.37239754647
9924,19948.987390764043
9925,19923.618925584717
9926,19898.26725299686
9927,19872.932321409116
9928,19847.613999953577
9929,19822.312311393725
9930,19797.027323991977
9931,19771.759354244838
9932,19746.50808494182
9933,19721.27353852094
9934,19696.05573733885
9935,19670.854965510815
9936,19645.671109656327
9937,19620.50406536284
9938,19595.353854660993
9939,19570.220603075213
9940,19545.104516461397
9941,19520.005328778985
9942,19494.923061732334
9943,19469.85773694412
9944,19444.809771903365
9945,19419.778841265437
9946,19394.764916962617
9947,19369.768020291136
9948,19344.788172465654
9949,19319.82583644704
9950,19294.8805981851
9951,19269.952471615652
9952,19245.041477626368
9953,19220.14769007796
9954,19195.271475685553
9955,19170.412455734444
9956,19145.570650785558
9957,19120.7460813182
9958,19095.93889836655
9959,19071.1493161143
9960,19046.37702997382
9961,19021.622060097292
9962,18996.884426555363
9963,18972.164374825286
9964,18947.461931855956
9965,18922.776884620584
9966,18898.109252862865
9967,18873.459056244694
9968,18848.826651697083
9969,18824.211844777055
9970,18799.61453116526
9971,18775.034730196887
9972,18750.472463340426
9973,18725.928209061654
9974,18701.40152460994
9975,18676.892428993502
9976,18652.400941139087
9977,18627.92722456281
9978,18603.47147496433
9979,18579.033389081866
9980,18554.61298551559
9981,18530.210282784024
9982,18505.825602611123
9983,18481.45882555106
9984,18457.10980405092
9985,18432.778556303052
9986,18408.46510716583
9987,18384.169980082672
9988,18359.892680459267
9989,18335.63322616185
9990,18311.39163497518
9991,18287.167924602767
9992,18262.962606638754
9993,18238.775231130894
9994,18214.605788673878
9995,18190.454296645654
9996,18166.32077234273
9997,18142.205517991144
9998,18118.108287415387
9999,18094.029075738188
