,0
0,21.104912403200355
1,22.40447691460964
2,23.773539926070754
3,25.215022978297238
4,26.731942605311623
5,28.32741208208992
6,30.004642992234007
7,31.774438210839453
8,33.63844441865848
9,35.59570277921373
10,37.649888688890606
11,39.806623822955174
12,42.08614620369937
13,44.4787991804125
14,46.98949370728254
15,49.62339108055374
16,52.38592761561375
17,55.28284262768737
18,58.32733559560318
19,61.526262888187674
20,64.87910628838036
21,68.39201135316691
22,72.07144448574556
23,75.9241103251847
24,79.95693453794684
25,84.17706908751687
26,88.59189764102292
27,93.21216804361354
28,98.0595883638303
29,103.14714319632076
30,108.4615024636533
31,114.06985728388807
32,119.91492813454163
33,126.00484747253475
34,132.34860060659156
35,138.98999771166694
36,145.96488706116634
37,153.22544517782003
38,160.78137285052406
39,168.64267597111655
40,176.88744139104256
41,185.50792552453188
42,194.47428701081589
43,203.79799769155304
44,213.49112524920963
45,223.64137574182507
46,234.23554248387805
47,245.24826068808986
48,256.6969596010372
49,268.5996265751571
50,280.9748174915533
51,293.8923464788188
52,307.36049015130044
53,321.35771193486556
54,335.90454657151304
55,351.02211076526436
56,366.7321039674326
57,383.05680896286543
58,400.0190925827164
59,417.64240678032183
60,435.9507902551982
61,454.97272558690116
62,474.76232751604107
63,495.3070727397461
64,516.633104338429
65,538.767182432822
66,561.7366925045362
67,585.5696553449595
68,610.294738839947
69,635.9412718238798
70,662.5392602619396
71,690.119406054957
72,718.7131287960016
73,748.3525908555977
74,779.098972716544
75,810.9842663990977
76,844.0249212918568
77,878.2565295697211
78,913.8226687862111
79,950.584654438266
80,988.9346458858588
81,1028.5961407262007
82,1069.5928319283032
83,1112.0571481836462
84,1155.8318641268636
85,1201.66313755285
86,1248.89842297723
87,1297.5693434832046
88,1347.8889621748062
89,1400.3503515278073
90,1454.3999735864898
91,1510.0739044350532
92,1567.7278558208027
93,1627.6605068821239
94,1689.387407389041
95,1752.9495827875967
96,1818.8017023412442
97,1887.3829163613836
98,1957.7967156837415
99,2030.3497872133098
100,2106.038190320538
101,2183.630241625438
102,2263.5126431264603
103,2346.840937328075
104,2432.264994449257
105,2520.06223418965
106,2611.717632683731
107,2705.678055989412
108,2802.010931861459
109,2902.7328734919874
110,3006.186362286462
111,3112.0907644812564
112,3222.8844852164734
113,3336.0494396496783
114,3452.690710601601
115,3573.809800066686
116,3697.5123862280616
117,3825.756299645771
118,3958.070316430146
119,4093.1993540264843
120,4233.963660597746
121,4378.406979351701
122,4525.921976986393
123,4680.17362995012
124,4837.749045927261
125,4999.274594349821
126,5167.440750184943
127,5339.223184819001
128,5515.815472425275
129,5699.022487600618
130,5886.16278933088
131,6078.936140245606
132,6278.388651213963
133,6482.117485793674
134,6692.24613926259
135,6909.230996106561
136,7130.86282061898
137,7359.582715583903
138,7595.472995504077
139,7836.410110211554
140,8085.020671416025
141,8341.279766208036
142,8603.01643815667
143,8872.882360473337
144,9151.288461987277
145,9435.341123547718
146,9728.498001205675
147,10030.203747249809
148,10338.026172569906
149,10656.045061401865
150,10982.99986433205
151,11316.248007168642
152,11661.420845600775
153,12014.931095903165
154,12375.24244104007
155,12749.374681434465
156,13131.37312103482
157,13521.030734745385
158,13926.468301865723
159,14338.879071277534
160,14761.939950658892
161,15198.49523421231
162,15642.70615426353
163,16101.175736759049
164,16571.204677519036
165,17049.563080733296
166,17545.581238624454
167,18051.69719019158
168,18568.15143882549
169,19102.99875679577
170,19647.107666618635
171,20205.337797922293
172,20780.093865599327
173,21364.88058798073
174,21967.35148172737
175,22584.797231121538
176,23213.30968405645
177,23864.931327992435
178,24527.687744322833
179,25206.74500982769
180,25905.24651789856
181,26613.20666900094
182,27348.367515437178
183,28094.38898219391
184,28859.495819863394
185,29645.198004449776
186,30441.953846001823
187,31268.190449418646
188,32107.133308841592
189,32965.99046138957
190,33848.86338235611
191,34744.54463613545
192,35669.88641052477
193,36612.20103267576
194,37573.016578951596
195,38563.83752196941
196,39569.38059871699
197,40602.394095658
198,41659.35214068947
199,42732.250587094044
200,43846.58365138787
201,44971.87602093882
202,46132.328817556416
203,47312.14335211562
204,48520.1865564606
205,49756.7154455752
206,51013.85057317026
207,52309.350774536986
208,53617.110247941644
209,54973.904284628676
210,56343.0823461326
211,57754.328232198415
212,59188.116765101586
213,60654.67299831591
214,62155.56755164114
215,63679.087880552936
216,65249.652550447136
217,66835.04104739263
218,68474.68999686159
219,70133.44701837475
220,71835.09925649295
221,73569.9705108679
222,75335.40154482228
223,77150.10603471517
224,78982.30572941063
225,80878.23339648043
226,82791.22695615947
227,84759.2094826649
228,86757.59860530333
229,88798.00041185699
230,90884.86922684203
231,92999.68249695658
232,95178.1911629827
233,97377.06245201123
234,99642.82865556005
235,101937.93454248842
236,104284.15880283252
237,106678.85994083907
238,109107.67251642319
239,111605.40837510863
240,114127.30936763465
241,116723.26507082894
242,119353.23693470152
243,122038.23170854054
244,124779.92203439875
245,127556.22738521938
246,130420.81246907148
247,133300.67074489107
248,136278.05358899
249,139273.85089119166
250,142358.19752448998
251,145475.52660305868
252,148675.7138055052
253,151911.88164515456
254,155230.93806481935
255,158590.0322124843
256,162031.02914845213
257,165517.23861027104
258,169083.289906674
259,172700.9057317553
260,176395.16767131112
261,180148.58350270687
262,183974.25469729895
263,187867.96728670225
264,191828.28856533664
265,195866.8982518575
266,199965.1525461849
267,204153.3636995224
268,208392.87592675313
269,212735.49735496627
270,217119.634298169
271,221621.5796204751
272,226153.74980635027
273,230820.03779119696
274,235509.31763713332
275,240339.44623383676
276,245200.16836046643
277,250188.52652869304
278,255225.9918889248
279,260376.14757520892
280,265595.7634902595
281,270911.32566124434
282,276320.078592501
283,281807.38490059716
284,287407.51316060405
285,293070.3874125603
286,298867.64258456434
287,304710.011900722
288,310710.2208489686
289,316742.5724265338
290,322945.18364108325
291,329188.52773158695
292,335582.6514787776
293,342042.99936389166
294,348632.9329506611
295,355316.39358348673
296,362106.5280310516
297,369019.31021978764
298,376014.13145438343
299,383162.5457531977
300,390366.6361467366
301,397757.096535934
302,405193.40153344267
303,412848.5938439221
304,420517.2576690167
305,428415.47758926294
306,436340.43280650646
307,444469.7952393437
308,452656.76839200634
309,461023.80139008985
310,469478.5771897347
311,478089.9576248937
312,486818.37833215075
313,495680.93229740957
314,504688.8970960453
315,513809.60022526403
316,523103.0645906907
317,532489.0422961779
318,542074.0173589819
319,551732.5449877718
320,561615.0968921406
321,571553.5998017227
322,581739.8490594744
323,591965.902614137
324,602462.023454292
325,612983.3529429244
326,623795.5726571687
327,634626.8195844225
328,645761.5817759733
329,656922.8864149058
330,668366.7976023041
331,679864.790874439
332,691625.8859737355
333,703467.2527776747
334,715553.7231819156
335,727745.2015827408
336,740165.3949101047
337,752713.7753275201
338,765476.1950823586
339,778388.3194752205
340,791501.6246229523
341,804784.3856704613
342,818257.3901275813
343,831917.7304074641
344,845765.9028884337
345,859824.7185526867
346,874034.9008021816
347,888499.5182057428
348,903080.9706680641
349,917958.7612964376
350,932920.9100975571
351,948219.2896415085
352,963571.7254009972
353,979298.1528356067
354,995052.2554460438
355,1011212.6060638451
356,1027403.0243794575
357,1043980.1078331537
358,1060614.397917429
359,1077618.3176244039
360,1094704.0761487684
361,1112145.0934675694
362,1129689.9568007733
363,1147626.0262752364
364,1165699.2156160348
365,1184009.8672384745
366,1202620.9368330464
367,1221315.759229318
368,1240474.303801927
369,1259666.563348189
370,1279278.7687126447
371,1299029.1171256087
372,1319054.0492897609
373,1339372.1741743956
374,1359820.125348591
375,1380715.7497952955
376,1401648.1461075859
377,1423080.1161290538
378,1444600.8023725396
379,1466485.7984260663
380,1488604.580946152
381,1510953.5711702395
382,1533680.286945226
383,1556504.4540626793
384,1579848.9691023384
385,1603234.5655352953
386,1627131.9156785347
387,1651146.309492284
388,1675554.091376666
389,1700212.7039439585
390,1725131.259580637
391,1750444.126696349
392,1775885.5088401022
393,1801862.6892895456
394,1827885.5840646534
395,1854490.7259000493
396,1881189.201009782
397,1908350.788612534
398,1935734.9619563797
399,1963465.6426134456
400,1991545.6505462471
401,2019858.2613026602
402,2048644.2571624047
403,2077551.8213294446
404,2107053.973987903
405,2136608.0441749366
406,2166798.1899985843
407,2197079.8781701922
408,2227900.4858979345
409,2258920.0056932983
410,2290384.6290024323
411,2322152.205430744
412,2354274.568086311
413,2386800.4361929623
414,2419594.4281951184
415,2452888.831763262
416,2486368.5054371553
417,2520441.695727513
418,2554621.5405820855
419,2589487.7940222207
420,2624415.404669703
421,2660046.672467649
422,2695779.2126970533
423,2732143.1480209487
424,2768691.09002752
425,2805844.5296624
426,2843277.505843581
427,2881112.055928924
428,2919442.178692549
429,2957971.5560566396
430,2997210.9506861907
431,3036519.398323265
432,3076609.8580671013
433,3116841.3359556613
434,3157665.1260813135
435,3198831.802911975
436,3240403.1639117897
437,3282517.2176441513
438,3324850.5596461184
439,3367924.176394158
440,3411073.5935666943
441,3455079.4482438657
442,3499202.331715743
443,3544009.970204135
444,3589118.540702601
445,3634748.343938976
446,3680865.4057014612
447,3727311.57218757
448,3774448.880873081
449,3821727.625519063
450,3869896.9117312524
451,3918150.9656643984
452,3967271.6544784657
453,4016611.121526911
454,4066547.7097470257
455,4116985.2719983226
456,4167753.7991522867
457,4219302.110494336
458,4270941.135924165
459,4323590.495924368
460,4376354.872332188
461,4429975.996933885
462,4484016.091604384
463,4538273.976178764
464,4593604.048232393
465,4649031.489469726
466,4705150.332223092
467,4761884.221303479
468,4818717.949987454
469,4876741.265099013
470,4934897.881487806
471,4993634.669545755
472,5053128.229354752
473,5112726.4852018645
474,5173441.207849531
475,5234392.7546442
476,5295869.268737252
477,5358188.015249244
478,5420616.429528075
479,5484144.856985241
480,5547956.723743919
481,5612296.081284014
482,5677505.160613961
483,5742828.994082764
484,5809294.653585635
485,5876031.855723807
486,5943358.302450614
487,6011522.483449317
488,6079806.618938311
489,6149334.064057141
490,6219061.236418431
491,6289538.98569454
492,6360802.934268969
493,6432192.292266376
494,6504864.382222703
495,6577808.204533849
496,6651279.440461491
497,6725792.610313685
498,6800436.907528295
499,6876179.497106039
500,6952410.712384137
501,7029003.066457157
502,7106835.90805999
503,7184805.718942548
504,7263746.796295575
505,7343335.685581599
506,7423177.866396504
507,7504400.367249922
508,7585765.802463471
509,7668034.327714978
510,7751050.707738016
511,7834272.292890091
512,7918953.976178291
513,8003784.681253038
514,8089540.052374245
515,8176108.326007384
516,8262828.941425377
517,8351075.5062377
518,8439551.91041778
519,8528721.339661403
520,8618968.566878019
521,8709374.61005642
522,8801114.117337562
523,8893309.03249161
524,8986023.970719997
525,9080022.562883407
526,9174186.572614145
527,9269550.671041025
528,9365536.235630644
529,9461929.001175355
530,9559750.697684582
531,9657744.539612733
532,9756865.637496624
533,9856713.3190612
534,9956916.881392835
535,10058632.753726274
536,10160527.62440091
537,10263538.67969017
538,10367319.280447453
539,10471467.055129688
540,10577147.513969526
541,10683013.947980657
542,10790048.269837614
543,10897831.93531304
544,11006057.590870861
545,11115772.396184905
546,11225680.276263025
547,11336863.31824114
548,11448708.058696304
549,11561152.908250863
550,11674924.927606301
551,11788897.16156061
552,11904396.933392592
553,12020292.693001566
554,12137182.694511857
555,12254996.749853723
556,12373335.396921035
557,12493064.291905494
558,12613003.884324426
559,12734545.736908972
560,12856401.772078209
561,12979487.724978857
562,13103260.068987867
563,13227933.748893403
564,13353623.849793073
565,13479924.681933114
566,13607535.530106822
567,13735499.219486345
568,13865035.318955533
569,13994799.374455478
570,14126161.597200343
571,14257860.302499868
572,14391140.465798113
573,14525022.373623943
574,14659674.474902611
575,14795751.325137915
576,14932067.641735623
577,15070156.916557914
578,15208767.190516397
579,15348123.935313322
580,15489045.228714043
581,15630214.513667777
582,15772930.988026794
583,15916427.80311748
584,16060464.632851858
585,16206301.26885606
586,16352394.546371786
587,16499874.93473984
588,16648324.313186938
589,16797188.822711036
590,16948006.31788636
591,17099089.21982692
592,17251480.42341079
593,17404947.502885666
594,17558786.467099667
595,17714649.47740418
596,17870786.77350834
597,18028234.805722713
598,18186783.885992333
599,18345743.103210986
600,18506715.47108434
601,18667971.116140857
602,18830620.955469135
603,18994315.54588084
604,19158574.654840738
605,19324990.645350546
606,19491699.49266247
607,19659386.33752438
608,19828832.340907898
609,19998576.53327222
610,20169745.53449997
611,20342242.507260744
612,20515043.03805998
613,20689748.198523667
614,20865317.00731218
615,21041194.77991762
616,21219489.678664442
617,21398151.104965653
618,21577609.302603982
619,21759064.724387705
620,21940839.469176114
621,22123983.63088555
622,22308567.491600778
623,22493476.180708155
624,22680396.688078016
625,22868179.535824534
626,23056292.841500383
627,23246930.171313778
628,23437933.361660074
629,23629775.63915622
630,23823679.23788141
631,24017924.06575662
632,24213577.768694505
633,24410738.512263313
634,24608246.216864668
635,24807763.05444392
636,25008202.093952455
637,25209044.591365427
638,25412425.125376012
639,25616163.565928143
640,25820961.93243968
641,26027657.098311607
642,26234716.003772408
643,26443520.79956392
644,26653551.587697256
645,26863951.98540547
646,27076813.346982345
647,27290200.71598045
648,27504579.8337028
649,27721089.65758603
650,27937980.492769632
651,28156320.60806649
652,28376348.040340666
653,28596762.67415807
654,28819118.191187136
655,29042683.49450548
656,29266642.225267872
657,29493067.014784336
658,29720190.422549263
659,29947964.4741108
660,30178260.9223788
661,30408962.64347483
662,30640904.554017846
663,30874793.183173798
664,31109093.40663223
665,31345255.55800353
666,31582756.506384656
667,31820675.405981887
668,32061109.660740882
669,32302243.055977322
670,32544202.553398874
671,32788558.502306473
672,33033344.465773504
673,33279671.01883785
674,33527693.203677792
675,33776151.85487269
676,34026895.875156544
677,34278604.38250356
678,34531013.3081235
679,34786098.48802581
680,35041632.563652456
681,35298363.69034193
682,35557244.037943825
683,35816579.959958024
684,36077747.1190848
685,36340408.26535149
686,36603531.639431864
687,36869227.49938883
688,37135659.296508715
689,37403145.95408302
690,37672866.982471064
691,37943062.662563816
692,38215450.7041066
693,38489228.96353711
694,38763489.014536016
695,39040228.235853225
696,39318084.56897633
697,39596429.87021011
698,39877575.67425726
699,40159530.956114545
700,40442019.65934516
701,40727789.854625545
702,41014062.94473084
703,41300839.81464861
704,41590779.17643537
705,41881388.94740031
706,42172510.12981359
707,42466647.46834117
708,42761612.76053412
709,43057097.128966235
710,43355497.786917366
711,43654837.41510511
712,43954703.81743279
713,44257432.43037782
714,44561165.19014568
715,44865432.45503039
716,45172552.95288911
717,45480697.62687456
718,45789384.570007205
719,46100960.17947742
720,46413535.54342422
721,46726660.97358988
722,47042754.221477576
723,47359779.05011874
724,47677361.77509
725,47998034.49247876
726,48319527.56525386
727,48641586.39751799
728,48966899.724712215
729,49292879.83131885
730,49619542.60340184
731,49949447.985826746
732,50279933.931615785
733,50611354.59662218
734,50945776.69601058
735,51280787.30722385
736,51617025.00995207
737,51955982.64540546
738,52295536.774261996
739,52636649.99029296
740,52980162.0117725
741,53324278.5414054
742,53670325.08525568
743,54018410.37836433
744,54367108.22761113
745,54718145.2613411
746,55070822.75196345
747,55424120.88001414
748,55780204.92224667
749,56137493.58104855
750,56495410.99195331
751,56856597.92725887
752,57218516.77405013
753,57581493.450480945
754,57947417.60969783
755,58313985.71766056
756,58682172.445284404
757,59052756.79538159
758,59423993.29516861
759,59797444.12172444
760,60172707.82107822
761,60548631.90478044
762,60927667.60709582
763,61307962.26120356
764,61688926.15306912
765,62072715.65574484
766,62458060.34883557
767,62844083.166677825
768,63232693.219467156
769,63623107.14574661
770,64014208.11754894
771,64407704.61163749
772,64803207.07826678
773,65199405.545166664
774,65597853.53289342
775,65998463.96273279
776,66399779.38177044
777,66803243.09628841
778,67208981.03052318
779,67615432.97727233
780,68023975.8520018
781,68434860.95266855
782,68846469.12376681
783,69260153.81163251
784,69676205.86404504
785,70092990.07962407
786,70511878.47208785
787,70933117.38720939
788,71355097.5932712
789,71779250.8391073
790,72205696.65572499
791,72632892.92632073
792,73062371.45014726
793,73494044.3370448
794,73926476.87645118
795,74361340.39700736
796,74798260.65502705
797,75235949.79981127
798,75676257.34797883
799,76118445.41199675
800,76561411.63299592
801,77007373.92609695
802,77455068.0895176
803,77903550.09948167
804,78354628.20029728
805,78807851.12095259
806,79261871.61758672
807,79718126.50709844
808,80176900.9742753
809,80636482.78697053
810,81097974.85601492
811,81562323.79165548
812,82027489.88269173
813,82494278.94752434
814,82964225.40723108
815,83434998.87278338
816,83907144.19047087
817,84382711.36438553
818,84859115.43540555
819,85336675.71901332
820,85817886.93258287
821,86299944.97556551
822,86782978.40913221
823,87269857.12376451
824,87757592.64140436
825,88246186.469842
826,88738726.7083092
827,89232163.34005514
828,89726468.31534523
829,90224600.23055255
830,90723761.75305721
831,91223801.69369413
832,91727582.02385443
833,92232492.35132842
834,92738291.21360657
835,93247776.22521318
836,93758459.4096804
837,94270041.28794992
838,94785372.3226492
839,95301948.39060716
840,95819433.52258685
841,96340373.3984261
842,96862859.41691333
843,97386264.89967608
844,97912887.69278139
845,98441300.9227652
846,98970644.04765378
847,99503022.66566396
848,100037380.56305742
849,100572678.81670327
850,101110885.02795324
851,101651205.24453866
852,102192476.30978762
853,102736580.77195258
854,103282881.1562498
855,103830142.91303125
856,104380215.20123032
857,104932513.79931355
858,105485784.32545896
859,106041892.95982018
860,106600208.0160889
861,107159505.58810365
862,107721718.06079191
863,108286068.0186948
864,108851411.1124844
865,109419834.83954509
866,109990299.7634029
867,110561768.58418399
868,111136307.7467956
869,111712905.57047811
870,112290518.08368023
871,112871241.880196
872,113453990.7580689
873,114037765.15000534
874,114624741.6900975
875,115213659.99684331
876,115803614.6745322
877,116396911.00981678
878,116992017.34022143
879,117588170.93117161
880,118187853.08500977
881,118789166.25373119
882,119391537.60571028
883,119997670.60221805
884,120605209.64354797
885,121213817.82434386
886,121826889.91501558
887,122441107.33595452
888,123056405.64888355
889,123675097.96209651
890,124296009.44382307
891,124918013.5976593
892,125542418.9427426
893,126170040.42013726
894,126798766.37780336
895,127428975.91331635
896,128063323.57419834
897,128698787.55200048
898,129335369.81120177
899,129975981.11040671
900,130618199.57710382
901,131261548.21166024
902,131908134.16594847
903,132557123.84183072
904,133207255.60145642
905,133859952.05963418
906,134515850.34098858
907,135172902.86375868
908,135831443.30276543
909,136494269.6504926
910,137158262.43155447
911,137823423.6986246
912,138492504.50048634
913,139163457.2620989
914,139835590.7578009
915,140510676.8628928
916,141188609.55274498
917,141867735.25987127
918,142548907.97903374
919,143233840.76860473
920,143919978.8941321
921,144607324.4767495
922,145299506.467896
923,145992913.0755723
924,146687539.93131685
925,147385322.59410676
926,148086011.66827798
927,148787933.80610475
928,149491427.59195417
929,150199413.43124163
930,150908645.17493442
931,151619125.01555818
932,152333291.48489335
933,153049900.99596384
934,153767771.58726156
935,154487699.45229703
936,155211699.81008914
937,155936974.25442168
938,156663525.0274147
939,157394181.66810843
940,158126873.4300648
941,158860854.57357794
942,159597484.82326525
943,160337607.72484353
944,161079033.08519816
945,161821763.19637844
946,162569314.0153574
947,163318197.79233906
948,164068399.4453678
949,164822127.5098529
950,165578484.25238183
951,166336172.0217821
952,167096181.81153017
953,167860026.4135509
954,168625215.21947742
955,169391750.5948212
956,170162956.67617595
957,170935661.78050563
958,171709726.68133345
959,172487405.9518159
960,173267642.95442533
961,174049253.0080659
962,174833509.03517804
963,175621308.24314606
964,176410493.81001234
965,177201380.99509177
966,177996759.53018838
967,178793537.762181
968,179591718.1542364
969,180394124.05983055
970,181198512.4077042
971,182004316.30781993
972,182813527.91534802
973,183625544.1266174
974,184438989.3135396
975,185255096.06085113
976,186074758.17776263
977,186895862.7254882
978,187718952.38199306
979,188546278.73956224
980,189375061.01537243
981,190205301.77152786
982,191040228.94969922
983,191876707.61225682
984,192714658.29915693
985,193556730.94374043
986,194400924.94125217
987,195246604.54044795
988,196095953.54300028
989,196947955.14154568
990,197801456.0814851
991,198657943.83155733
992,199517771.25481585
993,200379111.79124835
994,201242825.57107654
995,202110497.36729503
996,202979696.08110824
997,203850721.45876804
998,204726256.49778163
999,205603332.29201758
1000,206481951.55287498
1001,207365170.6416204
1002,208250142.73856187
1003,209136672.19793063
1004,210027360.8132369
1005,210920248.7516014
1006,211814707.9825829
1007,212712947.08733693
1008,213613770.71957228
1009,214516179.6095501
1010,215422048.63882598
1011,216330828.12850487
1012,217241206.8765351
1013,218154783.78150165
1014,219071539.60081434
1015,219989908.71511388
1016,220911270.00557148
1017,221836022.9329043
1018,222762403.22842515
1019,223691624.0140292
1020,224624395.1316429
1021,225558807.72774574
1022,226495961.7579592
1023,227436772.4497213
1024,228379238.7679041
1025,229324398.47072247
1026,230273270.41993916
1027,231223812.1816668
1028,232177048.70117688
1029,233134003.88849828
1030,234092643.1131015
1031,235054026.345904
1032,236019087.0472938
1033,236985846.0499373
1034,237955444.68047467
1035,238928633.46525913
1036,239903534.8549861
1037,240881416.38982305
1038,241862756.11880156
1039,242845822.79664168
1040,243832053.59772474
1041,244821567.42134732
1042,245812822.57849008
1043,246807467.89542755
1044,247805179.25203344
1045,248804646.36806452
1046,249807770.3694634
1047,250813702.98358682
1048,251821405.82479027
1049,252833476.11519372
1050,253848194.37168813
1051,254864698.31611425
1052,255884123.71003538
1053,256907645.4687189
1054,257932968.40761536
1055,258960095.69641623
1056,259992312.6479573
1057,261026599.68581405
1058,262062706.8484721
1059,263102099.10020846
1060,264145362.05611098
1061,265190460.93251052
1062,266237398.96023384
1063,267289408.406087
1064,268343511.3517204
1065,269399469.29391325
1066,270458889.10669804
1067,271522008.98218375
1068,272586999.72209656
1069,273653952.11707366
1070,274726102.27827334
1071,275800139.1952711
1072,276876066.1883529
1073,277955937.37344307
1074,279039034.3337363
1075,280124037.3138509
1076,281211658.17676216
1077,282303829.5247216
1078,283397922.86148316
1079,284493941.5693352
1080,285594950.0611643
1081,286698486.75595593
1082,287803965.4401277
1083,288911897.19097716
1084,290024887.484768
1085,291139836.4042498
1086,292256747.3961839
1087,293377293.69140637
1088,294501723.5992865
1089,295628132.2641295
1090,296756523.1681231
1091,297889793.2459335
1092,299025710.8415838
1093,300163627.41006786
1094,301304208.75131345
1095,302449647.0129332
1096,303597101.0017211
1097,304746574.2649243
1098,305900101.9401247
1099,307057105.5751415
1100,308216145.2899067
1101,309377234.1585644
1102,310543800.1284443
1103,311712419.00573504
1104,312883094.40311295
1105,314057341.118688
1106,315235552.32610446
1107,316415836.9340553
1108,317598198.59128064
1109,318785699.70682293
1110,319975607.167143
1111,321167608.61089724
1112,322363013.2327494
1113,323562557.6322577
1114,324764212.97414905
1115,325967982.97322917
1116,327176838.56675285
1117,328388162.35856915
1118,329601617.82197565
1119,330818597.99713224
1120,332039605.2255555
1121,333262761.1663433
1122,334488069.60076755
1123,335718687.8997775
1124,336951559.7616718
1125,338186601.21514297
1126,339425567.40387213
1127,340668194.62320966
1128,341913008.6014634
1129,343160353.4696029
1130,344412753.7771986
1131,345667358.0422517
1132,346924170.143254
1133,348185377.5704668
1134,349449790.2696895
1135,350716428.0656041
1136,351986204.6989584
1137,353260444.36001354
1138,354536926.4111077
1139,355815654.7983651
1140,357099477.25310445
1141,358385843.9376174
1142,359674474.3531302
1143,360966987.9792977
1144,362263256.0545703
1145,363561805.28516865
1146,364863114.92607534
1147,366169301.56949455
1148,367477786.82279325
1149,368788574.7310309
1150,370104117.5003733
1151,371422556.40090215
1152,372743315.47265494
1153,374067839.12986547
1154,375396249.68749714
1155,376726997.96433157
1156,378060600.1081337
1157,379399000.65286493
1158,380739756.4970346
1159,382082871.7854633
1160,383430941.8600177
1161,384781724.0507212
1162,386134883.3299034
1163,387492204.31482047
1164,388853032.0445172
1165,390216254.5406874
1166,391582917.5295254
1167,392953810.4004395
1168,394327115.7503168
1169,395703209.5845178
1170,397084187.6053132
1171,398467595.85277206
1172,399853438.6035708
1173,401244290.77097166
1174,402637822.3638798
1175,404033806.2750448
1176,405434245.6928117
1177,406837921.4800268
1178,408244067.43710387
1179,409654176.9067663
1180,411068018.1352772
1181,412484347.42264503
1182,413904207.74476576
1183,415328236.0569803
1184,416754770.3551336
1185,418184460.38875246
1186,419618697.8199208
1187,421055459.2028864
1188,422495055.9233004
1189,423939524.8990644
1190,425386535.8319487
1191,426836114.3868987
1192,428290837.7209694
1193,429748121.05762935
1194,431207968.90193224
1195,432672755.71390206
1196,434140334.6947356
1197,435610496.301336
1198,437085397.35671705
1199,438563295.60656977
1200,440043794.64188725
1201,441528880.22655183
1202,443017121.75272787
1203,444507982.2663138
1204,446003321.0453626
1205,447501930.2357458
1206,449003176.65840167
1207,450508835.72536534
1208,452017837.3466381
1209,453529494.4886302
1210,455045539.41341406
1211,456564958.6093781
1212,458087051.65875524
1213,459613546.53435624
1214,461143408.82434285
1215,462675963.3453447
1216,464212970.83339787
1217,465753302.11077005
1218,467296344.0423264
1219,468844307.4461913
1220,470395625.95343393
1221,471949674.450025
1222,473507023.47343355
1223,475069341.80326164
1224,476634409.47976357
1225,478202231.34119713
1226,479774599.9935459
1227,481350700.05304277
1228,482929573.71209514
1229,484511548.24817073
1230,486098694.47316396
1231,487688633.736591
1232,489281370.95359766
1233,490878538.53314203
1234,492479557.77989703
1235,494083394.4786216
1236,495690375.6198616
1237,497302489.7937188
1238,498917440.94423276
1239,500535234.06387186
1240,502157571.41787183
1241,503783652.54942924
1242,505412595.23648554
1243,507044942.07881486
1244,508682169.2738562
1245,510322277.6390723
1246,511965272.24470174
1247,513613128.974064
1248,515264419.6768927
1249,516918616.29864436
1250,518576667.4770609
1251,520239157.7206859
1252,521904573.5920178
1253,523572920.2395317
1254,525246626.19809866
1255,526923279.09257317
1256,528602882.5379731
1257,530286957.6826698
1258,531974865.9097211
1259,533665744.494662
1260,535360282.9805053
1261,537059465.3815098
1262,538761637.9805253
1263,540466806.0396566
1264,542177207.1593505
1265,543890693.17618
1266,545607194.5623059
1267,547328219.2905875
1268,549053038.6547438
1269,550780893.3324488
1270,552512628.2990134
1271,554248801.4625504
1272,555988029.9198807
1273,557730559.2633725
1274,559478107.1978446
1275,561228730.4432589
1276,562982434.4114995
1277,564741080.0875328
1278,566503119.6470265
1279,568268260.0196015
1280,570037844.7699305
1281,571811325.393001
1282,573587926.9629631
1283,575368519.9975579
1284,577153464.0271155
1285,578941549.1766913
1286,580733226.5964066
1287,582529656.8972058
1288,584329248.5313866
1289,586132084.277185
1290,587940024.2328364
1291,589751145.7763842
1292,591565454.5067365
1293,593384685.2163285
1294,595207360.6109309
1295,597033243.5246271
1296,598863758.0519202
1297,600698011.7534882
1298,602535493.349476
1299,604377360.0331388
1300,606223217.0092338
1301,608072322.2990122
1302,609925607.6084319
1303,611783093.335822
1304,613643847.8409925
1305,615508616.4451256
1306,617377756.907453
1307,619250186.6573839
1308,621126604.9292152
1309,623007741.4783186
1310,624892188.4255526
1311,626779951.5965031
1312,628672519.6191139
1313,630568997.0788952
1314,632468811.9335026
1315,634372237.0005289
1316,636280759.0435039
1317,638192639.6771752
1318,640107884.8119376
1319,642027618.1007415
1320,643951579.3556232
1321,645878926.3708857
1322,647809715.5230258
1323,649745772.9788069
1324,651685237.4816737
1325,653628115.0272942
1326,655575360.1705024
1327,657526958.4986618
1328,659481991.2224905
1329,661440478.2960074
1330,663404227.5101975
1331,665371432.5029962
1332,667342099.3558271
1333,669317194.9513704
1334,671296617.3690883
1335,673279523.1468717
1336,675265953.7383003
1337,677257610.1653484
1338,679252771.4816793
1339,681251443.8551403
1340,683254548.0689454
1341,685261982.324482
1342,687272949.2348737
1343,689287566.0567107
1344,691307291.4300991
1345,693330571.0880576
1346,695357411.2853601
1347,697388832.4823235
1348,699424443.8692374
1349,701463637.4966764
1350,703506737.2274106
1351,705554700.0872753
1352,707606266.923591
1353,709661444.0785774
1354,711721470.4346077
1355,713785431.0147157
1356,715853023.7238072
1357,717924883.9120408
1358,720001259.5196121
1359,722081289.103935
1360,724165067.949277
1361,726253880.6096301
1362,728346369.1332629
1363,730442539.9888988
1364,732543420.994614
1365,734648391.2577313
1366,736757065.818017
1367,738870006.0356431
1368,740987481.5679232
1369,743108683.4039447
1370,745233759.853976
1371,747363764.908232
1372,749497518.3154813
1373,751635026.6720145
1374,753777364.9823239
1375,755923694.9745263
1376,758073802.048084
1377,760228404.455061
1378,762387336.7582227
1379,764550068.3200841
1380,766717005.0510075
1381,768888566.0976086
1382,771063948.6267678
1383,773243287.6495588
1384,775427504.5729705
1385,777615565.2505473
1386,779807476.4464651
1387,782004273.0060074
1388,784205039.7097722
1389,786409679.2917373
1390,788618991.5488555
1391,790832492.8479469
1392,793049889.4353721
1393,795271917.1199375
1394,797498427.7630762
1395,799728856.5881805
1396,801963210.4904029
1397,804202301.110012
1398,806445772.1849573
1399,808693191.2885599
1400,810944565.3684951
1401,813200803.5225635
1402,815461299.0052949
1403,817725772.4759574
1404,819994230.9349496
1405,822267698.0484556
1406,824545283.2327554
1407,826826876.479163
1408,829112549.045102
1409,831403259.3691728
1410,833698000.8527566
1411,835996780.5898213
1412,838299859.0566976
1413,840607763.3122101
1414,842919728.9848342
1415,845235763.2217821
1416,847556319.768226
1417,849881487.005039
1418,852210746.0380714
1419,854544104.067999
1420,856882208.4881858
1421,859224709.026309
1422,861571331.8635079
1423,863922084.2541375
1424,866277804.1323079
1425,868637709.5536335
1426,871001767.9028596
1427,873370180.561195
1428,875743387.3665158
1429,878120770.5072918
1430,880502337.3329684
1431,882888512.9701624
1432,885279240.7454898
1433,887674175.6893843
1434,890073325.2055495
1435,892477324.908905
1436,894885648.8466258
1437,897298210.9183453
1438,899715167.0827224
1439,902136901.8739023
1440,904562898.3992761
1441,906993164.1585718
1442,909428077.7938304
1443,911867531.6435075
1444,914311278.4090794
1445,916759325.6451477
1446,919212256.7394981
1447,921669512.4323397
1448,924131092.3684614
1449,926597204.7707506
1450,929067993.0807865
1451,931543129.4485735
1452,934022621.5257498
1453,936506868.7690191
1454,938995594.4843318
1455,941488699.8233378
1456,943986263.292657
1457,946488602.6837105
1458,948995345.6555727
1459,951506499.957591
1460,954022296.71386
1461,956542702.742745
1462,959067544.1458027
1463,961596828.7283267
1464,964130913.0107661
1465,966669468.0239779
1466,969212490.3496342
1467,971760116.762459
1468,974312412.9208676
1469,976869200.5731536
1470,979430487.6233717
1471,981996518.6922957
1472,984567100.2686155
1473,987142205.5171783
1474,989721923.8786017
1475,992306328.9769
1476,994895282.0738384
1477,997488791.1729076
1478,1000087025.061199
1479,1002689856.645864
1480,1005297268.6557827
1481,1007909325.8517318
1482,1010526067.5401437
1483,1013147414.1325697
1484,1015773373.7326415
1485,1018404058.2422026
1486,1021039378.5221002
1487,1023679336.4002976
1488,1026323948.1030229
1489,1028973266.4158639
1490,1031627246.9605004
1491,1034285897.9414469
1492,1036949231.8790426
1493,1039617260.7324134
1494,1042289984.7440637
1495,1044967412.1764522
1496,1047649530.543436
1497,1050336354.5032709
1498,1053027906.6966876
1499,1055724195.4443482
1500,1058425158.9987199
1501,1061130864.1257291
1502,1063841330.713068
1503,1066556547.9591255
1504,1069276435.3769535
1505,1072001109.2128587
1506,1074730577.889896
1507,1077464769.5057669
1508,1080203681.1639435
1509,1082947412.7187219
1510,1085695972.6520717
1511,1088449195.1124296
1512,1091207221.3183522
1513,1093970101.0583212
1514,1096737798.125515
1515,1099510151.8817363
1516,1102287384.3853743
1517,1105069504.2219634
1518,1107856351.288833
1519,1110647970.6214705
1520,1113444502.6047463
1521,1116245955.8838568
1522,1119052006.5997305
1523,1121862985.9463918
1524,1124678912.0131009
1525,1127499638.1665137
1526,1130325101.166447
1527,1133155536.3745024
1528,1135990952.540685
1529,1138830994.3398774
1530,1141675976.1003976
1531,1144525964.4178083
1532,1147380810.849364
1533,1150240377.6136513
1534,1153104976.6012585
1535,1155974616.667803
1536,1158848886.7727153
1537,1161728135.9747982
1538,1164612452.037003
1539,1167501649.0092697
1540,1170395588.979149
1541,1173294621.661698
1542,1176198756.0189838
1543,1179107481.743026
1544,1182021272.6656003
1545,1184940191.2341967
1546,1187863960.2074142
1547,1190792551.969299
1548,1193726297.4234548
1549,1196665170.2433746
1550,1199608606.4084947
1551,1202557222.3887978
1552,1205511027.299629
1553,1208469495.5222633
1554,1211432894.0849602
1555,1214401507.5923076
1556,1217375345.2214684
1557,1220353849.5828502
1558,1223337304.5463805
1559,1226326009.7494495
1560,1229319974.4313345
1561,1232318584.0558703
1562,1235322191.1921782
1563,1238331084.0314515
1564,1241345271.8753757
1565,1244364054.2362964
1566,1247387911.0560527
1567,1250417089.2137969
1568,1253451598.0739238
1569,1256490619.2192037
1570,1259534824.9449925
1571,1262584387.8184018
1572,1265639317.2668414
1573,1268698642.0315497
1574,1271763297.5736074
1575,1274833346.2504947
1576,1277908701.5898545
1577,1280988489.7587476
1578,1284073697.692589
1579,1287164334.9289823
1580,1290260125.1712897
1581,1293360533.6646242
1582,1296466398.2101734
1583,1299577728.4093971
1584,1302694014.8276234
1585,1305815149.3041654
1586,1308941776.306123
1587,1312073905.4991415
1588,1315210748.9069114
1589,1318352716.6287444
1590,1321500213.5379512
1591,1324653249.3646932
1592,1327810629.1198533
1593,1330973449.875911
1594,1334141836.5161233
1595,1337315798.83523
1596,1340494093.7501338
1597,1343677872.6261172
1598,1346867254.2679636
1599,1350062248.535316
1600,1353261525.5669935
1601,1356466369.4055068
1602,1359676853.0796082
1603,1362892961.3440776
1604,1366113311.5984428
1605,1369339328.9762943
1606,1372571023.450531
1607,1375808238.8194222
1608,1379049763.1280138
1609,1382296991.821792
1610,1385549934.939228
1611,1388808541.9589708
1612,1392071347.169532
1613,1395339894.21501
1614,1398614193.1997764
1615,1401894254.245989
1616,1405178457.8407328
1617,1408468431.94952
1618,1411764195.704537
1619,1415065759.2942944
1620,1418371493.3456435
1621,1421683004.8814251
1622,1425000343.96459
1623,1428323520.8503478
1624,1431650856.078359
1625,1434984017.0350275
1626,1438323043.6373162
1627,1441667922.311767
1628,1445016952.7207263
1629,1448371876.7020612
1630,1451732704.627171
1631,1455099324.1386392
1632,1458470194.3336253
1633,1461846996.5342262
1634,1465229741.1794708
1635,1468618169.89835
1636,1472010996.4416673
1637,1475409793.628958
1638,1478814571.967248
1639,1482224878.1043787
1640,1485639779.1113787
1641,1489060689.608566
1642,1492487620.1713285
1643,1495919871.9001348
1644,1499356967.02308
1645,1502800110.692988
1646,1506249313.553976
1647,1509703579.1240509
1648,1513162989.536753
1649,1516628487.7664316
1650,1520100084.5263104
1651,1523576432.3689134
1652,1527058280.752134
1653,1530546256.438234
1654,1534040370.209924
1655,1537538869.0359313
1656,1541043279.5635154
1657,1544553857.0984006
1658,1548070427.0617447
1659,1551591306.8070211
1660,1555118382.5418022
1661,1558651665.169671
1662,1562190576.3452308
1663,1565734210.030287
1664,1569284079.7467847
1665,1572840196.4687703
1666,1576401512.8778362
1667,1579968030.6702971
1668,1583540824.7651987
1669,1587119906.2074585
1670,1590703692.4231024
1671,1594293226.0952895
1672,1597889076.5728085
1673,1601491239.6784592
1674,1605097576.218941
1675,1608710259.1341088
1676,1612329299.592189
1677,1615954051.2075257
1678,1619583631.0292647
1679,1623219598.1287525
1680,1626861963.7461967
1681,1630509369.8212085
1682,1634162329.1917334
1683,1637821716.982871
1684,1641487544.5072305
1685,1645157671.922744
1686,1648834148.6614852
1687,1652517095.2062335
1688,1656205806.1139648
1689,1659899439.583555
1690,1663599573.0512226
1691,1667306217.9555357
1692,1671017771.2937026
1693,1674735160.579193
1694,1678459091.6677687
1695,1682189326.1842103
1696,1685924041.1569085
1697,1689665328.4220834
1698,1693413199.5455246
1699,1697166399.0791736
1700,1700925113.4721878
1701,1704690442.3913748
1702,1708462397.4768445
1703,1712238633.074996
1704,1716021491.8101008
1705,1719811007.5601017
1706,1723606074.5767753
1707,1727406536.0761533
1708,1731213685.567411
1709,1735027534.8199434
1710,1738845626.3866997
1711,1742670339.6896362
1712,1746501783.6622827
1713,1750339258.5359044
1714,1754181608.0304146
1715,1758030719.230441
1716,1761886604.0350966
1717,1765747678.3520546
1718,1769614530.2252262
1719,1773488186.9226966
1720,1777368660.41946
1721,1781253354.526833
1722,1785144804.0414438
1723,1789043101.6667774
1724,1792947505.1403584
1725,1796856823.7511756
1726,1800773021.918377
1727,1804696111.7484682
1728,1808624433.7206209
1729,1812558609.8098285
1730,1816499709.1991005
1731,1820447744.0719163
1732,1824400055.2216954
1733,1828359242.6348312
1734,1832325397.3624382
1735,1836297549.3736813
1736,1840274904.2050123
1737,1844259258.3214557
1738,1848250624.0402095
1739,1852246887.4669375
1740,1856249521.419941
1741,1860259199.1437254
1742,1864275387.4662151
1743,1868296382.600713
1744,1872324453.8176153
1745,1876359613.5692623
1746,1880400039.353163
1747,1884446586.4343936
1748,1888500254.5638058
1749,1892560690.7818577
1750,1896625796.967014
1751,1900698056.860269
1752,1904777483.050573
1753,1908862287.0526602
1754,1912953222.951717
1755,1917051358.0134575
1756,1921156260.0512948
1757,1925265957.0407476
1758,1929382886.208252
1759,1933507060.2808466
1760,1937636465.0939023
1761,1941772274.4329996
1762,1945915361.9021068
1763,1950064954.8915138
1764,1954219731.2876184
1765,1958381819.1915507
1766,1962551231.4699543
1767,1966725467.2202482
1768,1970906643.4070394
1769,1975095177.5594506
1770,1979289694.569692
1771,1983490047.686374
1772,1987697792.515821
1773,1991912627.6042218
1774,1996132247.0866954
1775,2000359292.1864684
1776,2004593775.970987
1777,2008833458.6205623
1778,2013079894.3646283
1779,2017333802.9166758
1780,2021593901.2889354
1781,2025859818.8228781
1782,2030133243.448433
1783,2034413796.1112764
1784,2038699287.3437188
1785,2042992320.113139
1786,2047292907.690976
1787,2051598523.7475607
1788,2055911257.4875612
1789,2060231580.7053144
1790,2064557753.9183056
1791,2068890282.2042947
1792,2073230434.8020456
1793,2077577205.8265502
1794,2081929622.9754846
1795,2086289699.4361644
1796,2090657109.5508242
1797,2095029510.6144862
1798,2099409606.1571476
1799,2103797409.7193859
1800,2108190178.0556087
1801,2112590388.6290774
1802,2116998342.620111
1803,2121411860.3720694
1804,2125832282.6490166
1805,2130260483.911636
1806,2134694794.7923472
1807,2139135526.1637006
1808,2143584072.2602203
1809,2148039220.7150393
1810,2152500359.284827
1811,2156969348.4919143
1812,2161445138.715874
1813,2165925878.5657144
1814,2170414503.5467424
1815,2174911027.5350423
1816,2179414499.885421
1817,2183922854.483418
1818,2188439142.80842
1819,2192963378.8220277
1820,2197494598.0462956
1821,2202030745.6656685
1822,2206574875.921582
1823,2211127002.861707
1824,2215686035.54875
1825,2220250156.094015
1826,2224822308.501948
1827,2229402506.906844
1828,2233989421.5384917
1829,2238581696.531915
1830,2243182052.933567
1831,2247790504.9649334
1832,2252405371.965355
1833,2257025984.5373015
1834,2261654728.3853035
1835,2266291617.818606
1836,2270934501.2631474
1837,2275583620.344487
1838,2280240920.8669906
1839,2284906417.228179
1840,2289577443.520375
1841,2294255255.8507504
1842,2298941300.116019
1843,2303635590.8025527
1844,2308334834.1559305
1845,2313041528.0570474
1846,2317756504.7181807
1847,2322479778.715152
1848,2327207315.5617847
1849,2331943080.9338856
1850,2336687180.225311
1851,2341438879.4866743
1852,2346195537.1209736
1853,2350960565.440314
1854,2355733979.175239
1855,2360514093.3384805
1856,2365300155.2256
1857,2370094639.542686
1858,2374897561.1113405
1859,2379706172.8726664
1860,2384521833.2944226
1861,2389345968.23296
1862,2394178592.6015444
1863,2399015786.9818716
1864,2403861241.7901545
1865,2408715223.5466866
1866,2413576729.6577883
1867,2418443611.6195006
1868,2423319058.236462
1869,2428203084.5805583
1870,2433093280.7274733
1871,2437990248.841796
1872,2442895834.556275
1873,2447810053.035968
1874,2452729180.7605596
1875,2457656434.53504
1876,2462592359.205672
1877,2467536089.7457094
1878,2472485121.056707
1879,2477442861.587445
1880,2482409326.6642084
1881,2487382133.1994967
1882,2492361800.0408573
1883,2497350230.013643
1884,2502347438.539009
1885,2507349416.990444
1886,2512359923.2806125
1887,2517379246.9727345
1888,2522405957.4561706
1889,2527438652.255931
1890,2532480203.504452
1891,2537530626.787107
1892,2542586665.348501
1893,2547650557.3101707
1894,2552723360.6206207
1895,2557804213.611095
1896,2562890560.205072
1897,2567985857.662948
1898,2573090121.736249
1899,2578200466.6674433
1900,2583318373.1518965
1901,2588445286.0385885
1902,2593580533.860538
1903,2598721165.0063744
1904,2603870842.544756
1905,2609029582.3953133
1906,2614194493.846698
1907,2619367052.628548
1908,2624548713.9884257
1909,2629738608.7197165
1910,2634934094.577966
1911,2640138723.36075
1912,2645352511.157573
1913,2650572389.4302073
1914,2655800104.5613003
1915,2661037019.3332224
1916,2666282201.3856063
1917,2671533122.514745
1918,2676793284.1220546
1919,2682062702.4687085
1920,2687338045.090815
1921,2692621574.116269
1922,2697914401.0024724
1923,2703215143.111093
1924,2708522160.8573065
1925,2713838517.799136
1926,2719164230.3714776
1927,2724495318.8420343
1928,2729835328.0745516
1929,2735184734.560294
1930,2740541325.527912
1931,2745905110.0033298
1932,2751278333.5710497
1933,2756660461.337229
1934,2762048144.7233934
1935,2767445309.2585645
1936,2772851971.6274424
1937,2778264716.339663
1938,2783685946.4433546
1939,2789116716.730734
1940,2794555111.9269767
1941,2800000532.914847
1942,2805455536.6569166
1943,2810919621.5323796
1944,2816389359.433822
1945,2821868722.8817534
1946,2827357728.8149753
1947,2832852719.7342095
1948,2838356569.8535495
1949,2843870105.5492063
1950,2849390910.524368
1951,2854919374.9945683
1952,2860457568.3567944
1953,2866004231.487785
1954,2871557438.701961
1955,2877120418.349812
1956,2882692985.283434
1957,2888271064.3482127
1958,2893858959.6155148
1959,2899456688.3596535
1960,2905060558.2811646
1961,2910673499.2165904
1962,2916296317.7035785
1963,2921926229.8236985
1964,2927564347.190926
1965,2933212386.4145513
1966,2938868147.8777146
1967,2944531016.971977
1968,2950203851.480086
1969,2955886668.9389286
1970,2961575025.4300914
1971,2967272787.257007
1972,2972980575.9011035
1973,2978696659.1630793
1974,2984419481.11597
1975,2990152373.986199
1976,2995895355.4963136
1977,3001644223.7621264
1978,3007402354.6682043
1979,3013170618.6274014
1980,3018947309.2388573
1981,3024730812.756323
1982,3030524493.976967
1983,3036328370.8112574
1984,3042138046.3995156
1985,3047957280.459378
1986,3053786755.1000967
1987,3059624357.090213
1988,3065469280.3315015
1989,3071324489.3607883
1990,3077190002.278745
1991,3083059696.1337147
1992,3088939661.501298
1993,3094829974.323092
1994,3100730652.808282
1995,3106636541.3886466
1996,3112551791.5078573
1997,3118477451.17445
1998,3124413538.7068777
1999,3130355692.4011045
2000,3136306471.561983
2001,3142267722.793307
2002,3148239464.523559
2003,3154217881.9125667
2004,3160204310.1569777
2005,3166201273.2061377
2006,3172208789.598928
2007,3178223710.5193295
2008,3184245315.400234
2009,3190277516.9887857
2010,3196320333.932797
2011,3202373784.9128995
2012,3208431875.7708845
2013,3214499570.7165246
2014,3220577943.4778724
2015,3226667012.8454733
2016,3232764744.127796
2017,3238868189.0389605
2018,3244982374.6776505
2019,3251107319.9451213
2020,3257243043.775888
2021,3263384138.18776
2022,3269534395.550937
2023,3275695476.020928
2024,3281867398.6439586
2025,3288048195.9247313
2026,3294234785.646021
2027,3300432262.4108152
2028,3306640645.377848
2029,3312859953.739571
2030,3319084335.9971194
2031,3325318471.940751
2032,3331563578.5984364
2033,3337819675.276148
2034,3344083849.0822964
2035,3350354908.884103
2036,3356637004.377551
2037,3362930154.9829555
2038,3369234138.7821293
2039,3375542388.9210086
2040,3381861740.1980505
2041,3388192212.1487465
2042,3394533824.3429604
2043,3400881739.0975485
2044,3407238614.913551
2045,3413606677.4378448
2046,3419985946.356502
2047,3426373797.784788
2048,3432768468.707795
2049,3439174392.849865
2050,3445591590.014112
2051,3452019414.637504
2052,3458452153.053702
2053,3464896211.6790695
2054,3471351610.4346075
2055,3477818369.276373
2056,3484290530.672162
2057,3490772998.4734054
2058,3497266873.996204
2059,3503772177.3155594
2060,3510284475.4905972
2061,3516805628.993323
2062,3523338258.295603
2063,3529882383.5922427
2064,3536434872.6014447
2065,3542994990.170454
2066,3549566652.1068783
2067,3556149878.726181
2068,3562742618.220539
2069,3569341980.0662265
2070,3575952955.3402896
2071,3582575564.47972
2072,3589208619.645518
2073,3595847507.8304324
2074,3602498079.0010405
2075,3609160353.7167435
2076,3615833795.214251
2077,3622512493.659827
2078,3629202945.14805
2079,3635905170.361601
2080,3642619074.2633166
2081,3649337868.756798
2082,3656068486.8527956
2083,3662810949.3581557
2084,3669565277.116348
2085,3676324575.288189
2086,3683095648.1582737
2087,3689878636.6288633
2088,3696673561.6686997
2089,3703473566.3442206
2090,3710285384.038105
2091,3717109189.034047
2092,3723944989.7721725
2093,3730785805.897657
2094,3737638660.3557763
2095,3744503574.3312573
2096,3751380194.6392927
2097,3758262268.763101
2098,3765156453.824163
2099,3772062771.1349654
2100,3778980313.2095
2101,3785903940.5566554
2102,3792839751.965204
2103,3799787768.876318
2104,3806746339.9498787
2105,3813711817.655639
2106,3820689553.0698185
2107,3827679567.76319
2108,3834679280.04105
2109,3841686907.1587644
2110,3848706866.1581855
2111,3855739178.74061
2112,3862780149.337516
2113,3869830226.8465414
2114,3876892710.940215
2115,3883967623.451281
2116,3891049974.328145
2117,3898142805.1419306
2118,3905248117.7763476
2119,3912365934.1965494
2120,3919489792.0971785
2121,3926625681.0713987
2122,3933774127.6387124
2123,3940934008.056361
2124,3948100650.285457
2125,3955279904.2262764
2126,3962471792.072552
2127,3969673367.8120275
2128,3976883607.0519953
2129,3984106534.724394
2130,3991342173.157962
2131,3998585584.5987043
2132,4005839731.0359535
2133,4013106643.172188
2134,4020386190.6854033
2135,4027671735.5257297
2136,4034970101.3189826
2137,4042281310.6270976
2138,4049602907.994047
2139,4056932908.0989957
2140,4064275807.387886
2141,4071631628.5603266
2142,4078995429.240484
2143,4086370200.183953
2144,4093757949.097714
2145,4101158035.645516
2146,4108564860.6182814
2147,4115984719.9690175
2148,4123417636.635242
2149,4130860165.413669
2150,4138312318.598917
2151,4145777585.9293246
2152,4153255990.4827785
2153,4160741127.4780707
2154,4168238929.8958845
2155,4175749926.7909646
2156,4183271534.10963
2157,4190802056.7408013
2158,4198345831.429238
2159,4205902881.4955125
2160,4213467359.628924
2161,4221044098.266346
2162,4228634170.2905183
2163,4236235236.630831
2164,4243845126.0766687
2165,4251468407.2469916
2166,4259105103.708159
2167,4266749318.4871492
2168,4274405996.6968927
2169,4282076148.9685163
2170,4289757083.924399
2171,4297447347.771817
2172,4305151144.784049
2173,4312868498.776352
2174,4320592874.350297
2175,4328330505.739563
2176,4336081753.649541
2177,4343842995.005235
2178,4351614651.114317
2179,4359399983.619715
2180,4367198132.951551
2181,4375004004.829686
2182,4382823613.315945
2183,4390656982.583584
2184,4398498995.397026
2185,4406353071.9574
2186,4414220969.954956
2187,4422100055.865711
2188,4429988793.301487
2189,4437891413.169519
2190,4445807623.771474
2191,4453731215.592115
2192,4461668751.18062
2193,4469620255.074803
2194,4477580781.508251
2195,4485553427.376901
2196,4493540103.337145
2197,4501537938.112688
2198,4509545889.531091
2199,4517567933.17063
2200,4525603136.80107
2201,4533646589.749034
2202,4541704197.392555
2203,4549775984.64062
2204,4557855984.418967
2205,4565949353.1029215
2206,4574056964.322515
2207,4582174534.161083
2208,4590303861.634036
2209,4598447494.92171
2210,4606602281.431796
2211,4614766718.382652
2212,4622945522.932702
2213,4631138720.365594
2214,4639340821.829307
2215,4647555003.785916
2216,4655783640.881332
2217,4664026555.361739
2218,4672275720.096945
2219,4680539401.532452
2220,4688817625.21429
2221,4697109643.803565
2222,4705408576.46855
2223,4713722113.413768
2224,4722050280.339367
2225,4730391533.375305
2226,4738740591.256115
2227,4747104341.625822
2228,4755482810.339797
2229,4763873433.57507
2230,4772272975.836101
2231,4780687299.426734
2232,4789116430.358673
2233,4797556564.80854
2234,4806006952.494522
2235,4814472210.986157
2236,4822952366.452605
2237,4831442158.2477255
2238,4839943754.2873
2239,4848460311.247239
2240,4856991855.455279
2241,4865531455.696865
2242,4874084624.90685
2243,4882652845.793895
2244,4891235716.849468
2245,4899825709.461854
2246,4908430818.551833
2247,4917051070.72088
2248,4925683973.011156
2249,4934326182.221714
2250,4942983599.79883
2251,4951656252.50568
2252,4960339351.234161
2253,4969034146.901636
2254,4977744243.47549
2255,4986469667.881745
2256,4995203132.660059
2257,5003950886.5473585
2258,5012714034.535061
2259,5021490983.387012
2260,5030276608.421643
2261,5039077694.200974
2262,5047894267.932306
2263,5056721841.35303
2264,5065561079.51988
2265,5074415872.777944
2266,5083286248.50054
2267,5092164628.559683
2268,5101057856.702186
2269,5109966734.945553
2270,5118888784.692097
2271,5127820663.458712
2272,5136768260.342161
2273,5145731603.002662
2274,5154704560.660534
2275,5163690838.310842
2276,5172692929.807207
2277,5181710497.228683
2278,5190735675.591966
2279,5199776736.257361
2280,5208833707.174004
2281,5217903208.612759
2282,5226983458.996404
2283,5236079688.595927
2284,5245191925.531004
2285,5254313540.519153
2286,5263449249.952699
2287,5272601036.196965
2288,5281767429.001748
2289,5290942839.633062
2290,5300134396.939799
2291,5309342129.336321
2292,5318560911.538894
2293,5327792461.873603
2294,5337040257.676346
2295,5346303924.920904
2296,5355575690.460695
2297,5364863772.237745
2298,5374168198.964799
2299,5383484547.35013
2300,5392813137.880933
2301,5402158144.647538
2302,5411519502.218775
2303,5420888824.493501
2304,5430274634.682225
2305,5439676961.799799
2306,5449091306.833842
2307,5458518144.037663
2308,5467961570.3681345
2309,5477421064.377317
2310,5486889152.398816
2311,5496373902.1386
2312,5505875342.917364
2313,5515388144.0153055
2314,5524914441.56995
2315,5534457503.277854
2316,5544015607.552314
2317,5553583677.53561
2318,5563168585.181696
2319,5572770360.120892
2320,5582382103.176714
2321,5592009081.977568
2322,5601653002.106739
2323,5611310215.757455
2324,5620979491.136149
2325,5630665782.275062
2326,5640368516.522685
2327,5650080314.107571
2328,5659809202.28162
2329,5669555211.120234
2330,5679312056.180927
2331,5689083767.619855
2332,5698872675.082069
2333,5708675226.345896
2334,5718489987.48242
2335,5728322020.399429
2336,5738170337.156372
2337,5748028374.624704
2338,5757903760.029524
2339,5767796523.899103
2340,5777699445.230201
2341,5787618410.356107
2342,5797554830.6366625
2343,5807502401.120403
2344,5817462901.898341
2345,5827440930.923707
2346,5837436519.042065
2347,5847444368.608836
2348,5857464233.537732
2349,5867501731.180762
2350,5877556892.567334
2351,5887625097.060955
2352,5897704705.545047
2353,5907802051.877635
2354,5917917167.273119
2355,5928045797.560463
2356,5938185538.756671
2357,5948343123.620542
2358,5958518583.552691
2359,5968707722.961012
2360,5978907996.6297455
2361,5989126220.488772
2362,5999362426.126172
2363,6009612168.451974
2364,6019873378.230957
2365,6030152645.433179
2366,6040450001.835405
2367,6050759712.788328
2368,6061080649.558198
2369,6071419748.856442
2370,6081777042.644796
2371,6092152562.94122
2372,6102534155.847689
2373,6112933494.8246
2374,6123351134.298948
2375,6133787106.475246
2376,6144235070.145948
2377,6154695056.402079
2378,6165173449.880239
2379,6175670282.972764
2380,6186184574.793499
2381,6196705615.867655
2382,6207245171.605599
2383,6217803274.588728
2384,6228379957.455764
2385,6238966363.870318
2386,6249567490.044738
2387,6260187271.813447
2388,6270825742.005836
2389,6281478498.699581
2390,6292141603.40903
2391,6302823472.780016
2392,6313524139.833859
2393,6324243225.611948
2394,6334968716.883485
2395,6345713082.601822
2396,6356476355.981476
2397,6367258570.295412
2398,6378050041.987984
2399,6388857312.735441
2400,6399683601.841835
2401,6410528942.774931
2402,6421386795.961593
2403,6432257380.365263
2404,6443147094.544574
2405,6454055972.163347
2406,6464980201.16709
2407,6475914507.808167
2408,6486868056.360577
2409,6497840880.685464
2410,6508831484.514715
2411,6519829921.937169
2412,6530847714.125566
2413,6541884895.139651
2414,6552941499.099104
2415,6564004853.623338
2416,6575087298.681934
2417,6586189246.339564
2418,6597310730.916122
2419,6608440537.195356
2420,6619588044.338147
2421,6630755168.573421
2422,6641941944.422545
2423,6653138209.916158
2424,6664351188.345333
2425,6675583899.080529
2426,6686836376.845852
2427,6698099111.476354
2428,6709377970.390551
2429,6720676677.544363
2430,6731995267.865923
2431,6743324483.503645
2432,6754669632.106057
2433,6766034745.601789
2434,6777419859.124234
2435,6788815569.088044
2436,6800227416.594509
2437,6811659346.368089
2438,6823111393.7487335
2439,6834573612.3223715
2440,6846052567.969219
2441,6857551723.977121
2442,6869071115.893834
2443,6880599285.44336
2444,6892145051.062886
2445,6903711134.612677
2446,6915297571.847374
2447,6926894405.281187
2448,6938507377.341644
2449,6950140785.599244
2450,6961794666.016746
2451,6973460154.286401
2452,6985140728.887219
2453,6996841858.649085
2454,7008563579.744099
2455,7020297713.1666565
2456,7032046286.039934
2457,7043815533.734538
2458,7055605492.633136
2459,7067407359.666149
2460,7079222678.244256
2461,7091058789.099706
2462,7102915728.82186
2463,7114791887.630419
2464,7126674324.14727
2465,7138577671.052504
2466,7150501965.143328
2467,7162447243.281713
2468,7174402256.009141
2469,7186373210.158323
2470,7198365230.465177
2471,7210378354.001025
2472,7222407502.179821
2473,7234446433.071284
2474,7246506549.742707
2475,7258587889.475911
2476,7270690489.6183195
2477,7282798361.7679615
2478,7294926943.255646
2479,7307076868.286267
2480,7319248174.419269
2481,7331430012.809634
2482,7343627425.871059
2483,7355846303.601964
2484,7368086683.774932
2485,7380342396.629126
2486,7392609006.33018
2487,7404897202.469658
2488,7417207023.034428
2489,7429536516.840309
2490,7441872686.557725
2491,7454230565.121955
2492,7466610190.735266
2493,7479011601.667157
2494,7491419460.993082
2495,7503847384.308373
2496,7516297177.934127
2497,7528768880.356732
2498,7541250315.942528
2499,7553748644.647318
2500,7566268967.558553
2501,7578811323.380659
2502,7591366228.951921
2503,7603935321.998488
2504,7616526533.77914
2505,7629139903.217428
2506,7641768168.199258
2507,7654408382.855224
2508,7667070841.401591
2509,7679755582.982158
2510,7692457091.906607
2511,7705168783.7560835
2512,7717902845.278003
2513,7730659315.837493
2514,7743433947.770643
2515,7756217470.7151375
2516,7769023489.736877
2517,7781852044.423423
2518,7794699576.792725
2519,7807554790.522702
2520,7820432626.487779
2521,7833333124.497524
2522,7846255070.309163
2523,7859182313.682178
2524,7872132306.044428
2525,7885105087.428544
2526,7898100697.937591
2527,7911100911.61259
2528,7924123397.479405
2529,7937168799.938475
2530,7950237159.31736
2531,7963310268.929637
2532,7976404272.01288
2533,7989521317.5407
2534,8002661446.06212
2535,8015812870.781357
2536,8028978708.436799
2537,8042167714.947588
2538,8055379931.085191
2539,8068609436.884799
2540,8081847423.891548
2541,8095108706.718318
2542,8108393326.36
2543,8121700671.314314
2544,8135011119.895263
2545,8148344991.810328
2546,8161702328.278776
2547,8175083170.59242
2548,8188470481.714984
2549,8201877252.952343
2550,8215307617.027473
2551,8228761615.457929
2552,8242226177.7721195
2553,8255706156.050233
2554,8269209855.992
2555,8282737319.341654
2556,8296278859.078254
2557,8309832349.622814
2558,8323409691.193984
2559,8337010925.763649
2560,8350629158.699731
2561,8364256464.266312
2562,8377907750.755222
2563,8391583060.366925
2564,8405277691.250029
2565,8418979112.146632
2566,8432704644.38972
2567,8446454330.409266
2568,8460225052.40893
2569,8474000886.518402
2570,8487800962.922691
2571,8501625324.282195
2572,8515471818.4681425
2573,8529322361.270372
2574,8543197277.8357
2575,8557096611.055858
2576,8571018545.901952
2577,8584944090.4959755
2578,8598894140.83712
2579,8612868740.04939
2580,8626865770.962868
2581,8640866608.088737
2582,8654892083.457361
2583,8668942240.425888
2584,8683014009.301004
2585,8697090427.361483
2586,8711191616.667828
2587,8725317620.811249
2588,8739463755.606703
2589,8753616040.68876
2590,8767793230.52323
2591,8781995368.936234
2592,8796215483.275772
2593,8810443919.171885
2594,8824697393.826307
2595,8838975951.300993
2596,8853269644.096342
2597,8867574512.325542
2598,8881904553.814339
2599,8896259812.861359
2600,8910626667.957016
2601,8925008247.78575
2602,8939415135.866777
2603,8953847376.73628
2604,8968286962.575329
2605,8982745531.038069
2606,8997229543.23327
2607,9011739043.93552
2608,9026250913.246038
2609,9040786745.165642
2610,9055348156.781477
2611,9069931185.566042
2612,9084518882.608591
2613,9099132250.616444
2614,9113771334.764013
2615,9128425843.521318
2616,9143091210.432972
2617,9157782384.988815
2618,9172499412.603792
2619,9187224908.80626
2620,9201968213.42349
2621,9216737462.835094
2622,9231532702.697365
2623,9246328677.009424
2624,9261150185.039747
2625,9275997775.48218
2626,9290863619.68538
2627,9305737420.293213
2628,9320637395.334337
2629,9335563590.869135
2630,9350497754.884554
2631,9365448225.227835
2632,9380425004.923157
2633,9395428140.26831
2634,9410436134.24363
2635,9425463493.723833
2636,9440517297.86089
2637,9455597593.19069
2638,9470678785.95757
2639,9485783251.101013
2640,9500914296.587114
2641,9516070595.381838
2642,9531225710.395477
2643,9546407494.882063
2644,9561615995.773104
2645,9576844370.901781
2646,9592076879.928825
2647,9607336194.621998
2648,9622622362.152447
2649,9637922128.035992
2650,9653232238.787497
2651,9668569291.763786
2652,9683933334.376312
2653,9699303785.50313
2654,9714691702.937136
2655,9730106699.515205
2656,9745548822.889742
2657,9760989233.626638
2658,9776455159.976656
2659,9791948302.745876
2660,9807461505.442875
2661,9822978334.25169
2662,9838522469.054367
2663,9854093957.902483
2664,9869675353.533047
2665,9885269585.97592
2666,9900891260.622568
2667,9916540425.764257
2668,9932191785.48143
2669,9947863592.147144
2670,9963562977.526703
2671,9979288558.444366
2672,9995009119.62707
2673,10010757345.318323
2674,10026533284.200567
2675,10042330820.35348
2676,10058127799.457735
2677,10073952577.545723
2678,10089805203.536514
2679,10105673808.30294
2680,10121547335.090666
2681,10137448795.565615
2682,10153378238.88388
2683,10169316815.228176
2684,10185266664.45127
2685,10201244581.668634
2686,10217250616.27272
2687,10233259333.806725
2688,10249285627.29552
2689,10265340123.299992
2690,10281422871.449316
2691,10297500746.444717
2692,10313603602.699245
2693,10329734796.199364
2694,10345889289.408026
2695,10362040401.471956
2696,10378219935.698383
2697,10394427942.102987
2698,10410649846.09533
2699,10426877613.187138
2700,10443133937.333645
2701,10459418868.787872
2702,10475707131.268734
2703,10492011661.922325
2704,10508344884.713737
2705,10524706850.13371
2706,10541060394.558496
2707,10557441794.123896
2708,10573852021.095592
2709,10590279393.074799
2710,10606708851.773973
2711,10623167222.450148
2712,10639654555.980919
2713,10656145291.51167
2714,10672651685.01705
2715,10689187125.883814
2716,10705750326.190987
2717,10722304618.675287
2718,10738888042.809784
2719,10755500649.858591
2720,10772125212.295885
2721,10788756492.701515
2722,10805417040.235094
2723,10822106906.399143
2724,10838791640.49608
2725,10855499998.411552
2726,10872237759.090342
2727,10888992630.093395
2728,10905748665.45448
2729,10922534187.477753
2730,10939349248.05205
2731,10956162161.427027
2732,10972995308.834574
2733,10989858078.600368
2734,11006738804.761995
2735,11023616474.284603
2736,11040523844.511642
2737,11057460967.708582
2738,11074404082.497856
2739,11091355855.089022
2740,11108337458.785501
2741,11125348946.082241
2742,11142353059.800444
2743,11159378942.421665
2744,11176434786.561304
2745,11193513680.596691
2746,11210578475.860283
2747,11227673301.117046
2748,11244798209.211882
2749,11261949708.976381
2750,11279083220.429495
2751,11296246882.796911
2752,11313440749.136312
2753,11330663232.709833
2754,11347865350.780005
2755,11365097740.49274
2756,11382360455.118168
2757,11399652267.029482
2758,11416922877.976755
2759,11434223881.094673
2760,11451555329.865425
2761,11468914781.314728
2762,11486253767.29719
2763,11503623265.770935
2764,11521023330.429888
2765,11538448699.54213
2766,11555855938.679422
2767,11573293810.414114
2768,11590762368.65148
2769,11608251900.756462
2770,11625727267.191124
2771,11643233386.107761
2772,11660770311.622618
2773,11678321997.56525
2774,11695864587.852926
2775,11713438048.917284
2776,11731042435.082695
2777,11748656819.31924
2778,11766266466.59819
2779,11783907102.65482
2780,11801578782.021154
2781,11819250123.98454
2782,11836918498.479109
2783,11854617965.093899
2784,11872348578.54279
2785,11890105548.094975
2786,11907831729.061333
2787,11925589103.870129
2788,11943377727.414228
2789,11961197654.683067
2790,11979003669.431013
2791,11996817952.256325
2792,12014663583.958012
2793,12032540619.70174
2794,12050431830.515106
2795,12068301935.723024
2796,12086203488.037899
2797,12104136542.798248
2798,12122101155.43996
2799,12140038489.154394
2800,12157994780.350151
2801,12175982670.315186
2802,12194002214.654886
2803,12212025079.160637
2804,12230034823.688005
2805,12248076261.046173
2806,12266149447.006021
2807,12284254437.436596
2808,12302321030.50434
2809,12320414612.601547
2810,12338540035.059076
2811,12356697353.907421
2812,12374850943.553358
2813,12392995237.919521
2814,12411171461.8838
2815,12429379671.633701
2816,12447619923.45561
2817,12465816492.035316
2818,12484042988.500671
2819,12502301559.215496
2820,12520592260.621834
2821,12538874386.893976
2822,12557150622.144176
2823,12575459019.168434
2824,12593799634.562792
2825,12612164754.54483
2826,12630489077.492134
2827,12648845646.83253
2828,12667234519.31093
2829,12685655751.772144
2830,12704056349.338032
2831,12722460523.388483
2832,12740897084.345972
2833,12759366089.202684
2834,12777848145.086
2835,12796299351.929827
2836,12814783028.44323
2837,12833299231.764036
2838,12851848019.130587
2839,12870357764.034485
2840,12888887978.984816
2841,12907450802.635061
2842,12926046292.36768
2843,12944631321.237883
2844,12963207493.428074
2845,12981816355.1879
2846,13000457964.042126
2847,13019115516.529825
2848,13037737060.797735
2849,13056391374.475206
2850,13075078515.227467
2851,13093798540.821226
2852,13112472103.197319
2853,13131171278.736818
2854,13149903360.293116
2855,13168668405.771812
2856,13187407977.336432
2857,13206151420.922483
2858,13224927848.422318
2859,13243737317.878603
2860,13262539976.070534
2861,13281327090.227236
2862,13300147265.143246
2863,13319000558.996449
2864,13337863329.95055
2865,13356693513.636568
2866,13375556833.869692
2867,13394453348.96115
2868,13413373208.778563
2869,13432245857.478065
2870,13451151717.448608
2871,13470090847.1329
2872,13489063305.076496
2873,13507979228.977383
2874,13526927019.712065
2875,13545908153.944227
2876,13564922690.349241
2877,13583888677.815746
2878,13602877787.030634
2879,13621900312.4492
2880,13640956312.874763
2881,13659967426.213837
2882,13678995081.758064
2883,13698056221.333836
2884,13717150903.863789
2885,13736212517.60857
2886,13755278063.662737
2887,13774377160.422165
2888,13793509866.92681
2889,13812618655.9894
2890,13831721433.689676
2891,13850857827.60945
2892,13870027896.903948
2893,13889180491.128496
2894,13908319838.643314
2895,13927492866.727161
2896,13946699634.648474
2897,13965892620.224983
2898,13985067872.82808
2899,14004276869.179916
2900,14023519668.66011
2901,14042749589.54094
2902,14061960079.680859
2903,14081204375.574465
2904,14100482536.710468
2905,14119745896.02723
2906,14138990953.393436
2907,14158269877.338644
2908,14177582727.458586
2909,14196875988.937408
2910,14216154940.522768
2911,14235467818.32807
2912,14254814682.053982
2913,14274134271.427202
2914,14293446441.587278
2915,14312792596.419207
2916,14332172795.72652
2917,14351515102.13904
2918,14370859812.64805
2919,14390238565.087296
2920,14409651419.361029
2921,14429012796.76981
2922,14448389366.873713
2923,14467800034.968204
2924,14487244861.056173
2925,14506621629.621294
2926,14526029376.087593
2927,14545471275.402462
2928,14564931744.378235
2929,14584335835.13118
2930,14603774072.295984
2931,14623246515.960703
2932,14642715768.332699
2933,14662149609.38477
2934,14681617649.19709
2935,14701119947.949816
2936,14720594209.438507
2937,14740057111.605827
2938,14759554263.66894
2939,14779085725.897976
2940,14798561193.829807
2941,14818052465.625904
2942,14837578037.236443
2943,14857126154.162697
2944,14876610813.659765
2945,14896129761.33158
2946,14915683057.515604
2947,14935225536.529137
2948,14954737128.526781
2949,14974283056.088764
2950,14993863379.635925
2951,15013396339.340624
2952,15032934166.878717
2953,15052506376.14423
2954,15072103565.676968
2955,15091632563.4417
2956,15111195927.39187
2957,15130793718.002161
2958,15150374391.94802
2959,15169928181.233412
2960,15189516380.32611
2961,15209139049.77754
2962,15228699259.350817
2963,15248277138.006605
2964,15267889468.855892
2965,15287505258.426128
2966,15307072089.463196
2967,15326673353.24887
2968,15346309110.374928
2969,15365897309.297739
2970,15385486779.32116
2971,15405110721.927008
2972,15424748849.4394
2973,15444325800.784363
2974,15463937202.678108
2975,15483583115.743689
2976,15503186449.826141
2977,15522784586.619467
2978,15542417211.237452
2979,15562064738.225056
2980,15581648887.348873
2981,15601267499.678598
2982,15620920635.859552
2983,15640526099.1686
2984,15660129977.206089
2985,15679768353.162148
2986,15699412198.16811
2987,15719000621.757967
2988,15738623516.066448
2989,15758280941.752048
2990,15777875394.136635
2991,15797482087.23746
2992,15817123283.201338
2993,15836743189.794815
2994,15856315542.983545
2995,15875922338.601639
2996,15895563637.257776
2997,15915166178.48621
2998,15934737677.190495
2999,15954343616.815048
3000,15973984057.965876
3001,15993564379.552322
3002,16013134066.99109
3003,16032738192.157297
3004,16052376815.651318
3005,16071930044.309586
3006,16091496963.756054
3007,16111098316.053505
3008,16130726578.17634
3009,16150255407.14787
3010,16169818601.9366
3011,16189416223.016335
3012,16209008531.487429
3013,16228532687.431156
3014,16248091200.963192
3015,16267684132.54283
3016,16287235563.28448
3017,16306754091.350744
3018,16326306967.09609
3019,16345894250.962357
3020,16365399868.320581
3021,16384911813.728754
3022,16404458095.226559
3023,16424023486.227964
3024,16443493631.736818
3025,16462998039.773832
3026,16482536770.630974
3027,16502047362.361399
3028,16521509030.772701
3029,16541004946.78895
3030,16560535170.67581
3031,16579985998.02803
3032,16599438236.42668
3033,16618924705.830112
3034,16638423856.658108
3035,16657831559.549643
3036,16677273415.07047
3037,16696749483.31911
3038,16716179823.09064
3039,16735576210.198114
3040,16755006730.016212
3041,16774471442.608389
3042,16793827991.515678
3043,16813212111.717098
3044,16832630343.036709
3045,16852023649.392197
3046,16871360523.60883
3047,16890731425.798368
3048,16910136415.839905
3049,16929446852.441952
3050,16948769582.438732
3051,16968126315.512337
3052,16987462417.195953
3053,17006725607.501404
3054,17026022696.104586
3055,17045353742.65639
3056,17064621100.931929
3057,17083857133.695433
3058,17103127016.960432
3059,17122430810.293676
3060,17141624999.586926
3061,17160832282.54304
3062,17180073365.4024
3063,17199321688.854828
3064,17218464909.974888
3065,17237641818.261288
3066,17256852472.99332
3067,17276020295.644234
3068,17295131539.301018
3069,17314276413.84602
3070,17333454978.45948
3071,17352537926.907433
3072,17371615501.113876
3073,17390726646.952923
3074,17409856411.151028
3075,17428865135.867714
3076,17447907311.055065
3077,17466982995.57579
3078,17486020753.203354
3079,17504992375.22444
3080,17523997382.418945
3081,17543035833.534637
3082,17561977280.38075
3083,17580909992.61044
3084,17599876021.536232
3085,17618856596.543232
3086,17637706505.585426
3087,17656589585.60687
3088,17675505894.978397
3089,17694405603.71302
3090,17713204793.023716
3091,17732037064.053886
3092,17750902475.0173
3093,17769715149.372963
3094,17788462447.94622
3095,17807242736.91852
3096,17826056074.34289
3097,17844775562.47075
3098,17863469802.948933
3099,17882196940.451473
3100,17900957032.867043
3101,17919577201.30087
3102,17938217219.912155
3103,17956890040.125156
3104,17975558465.56067
3105,17994110455.366413
3106,18012695091.861332
3107,18031312432.49357
3108,18049870196.94085
3109,18068365747.16401
3110,18086893844.751095
3111,18105454546.97544
3112,18123895574.625183
3113,18142333533.892944
3114,18160803939.173267
3115,18179278154.397495
3116,18197625088.82997
3117,18216004309.090282
3118,18234415871.991512
3119,18252762111.911366
3120,18271049267.739136
3121,18289368604.19369
3122,18307720177.902977
3123,18325895883.595417
3124,18344081648.54501
3125,18362299415.693577
3126,18380549241.355095
3127,18398704164.24818
3128,18416787229.51648
3129,18434902116.25285
3130,18453048880.453182
3131,18471173774.68992
3132,18489151300.09287
3133,18507160461.235023
3134,18525201313.785427
3135,18543273913.51107
3136,18561163993.30579
3137,18579066185.0957
3138,18596999880.049473
3139,18614965133.602848
3140,18632812475.750874
3141,18650606465.350822
3142,18668431767.700832
3143,18686288437.901516
3144,18704084016.817978
3145,18721768582.06232
3146,18739484267.492233
3147,18757231127.869488
3148,18774965991.23885
3149,18792539920.38868
3150,18810144775.027313
3151,18827780609.573868
3152,18845445881.447556
3153,18862907972.94944
3154,18880400793.128975
3155,18897924396.05891
3156,18915478835.90719
3157,18932860342.0118
3158,18950239934.028645
3159,18967650109.537823
3160,18985090922.356606
3161,19002384741.50433
3162,19019649921.384228
3163,19036945483.41494
3164,19054271481.059414
3165,19071468998.868088
3166,19088618592.133686
3167,19105798364.141857
3168,19123008367.99759
3169,19140101056.74784
3170,19157133898.190407
3171,19174196712.916862
3172,19191289553.670647
3173,19208268974.534073
3174,19225183907.98797
3175,19242128607.232597
3176,19259103124.646244
3177,19275960929.758595
3178,19292756807.879448
3179,19309582242.2789
3180,19326437284.96652
3181,19343165219.35229
3182,19359840903.398518
3183,19376545932.207348
3184,19393280357.416145
3185,19409870260.770325
3186,19426424620.387695
3187,19443008111.262627
3188,19459620784.65674
3189,19476064592.98948
3190,19492496505.99926
3191,19508957334.786858
3192,19525447130.234703
3193,19541736877.384792
3194,19558045229.57507
3195,19574382280.10274
3196,19590720642.494026
3197,19606875898.489906
3198,19623059583.410084
3199,19639271747.280243
3200,19655436843.230453
3201,19671453132.484943
3202,19687497606.113144
3203,19703570313.7104
3204,19719595921.336754
3205,19735472013.44988
3206,19751376043.22104
3207,19767308059.811382
3208,19783185874.182728
3209,19798920550.11514
3210,19814682914.84475
3211,19830473017.094826
3212,19846194826.199776
3213,19861786878.037674
3214,19877406367.686462
3215,19893053343.4277
3216,19908611030.446827
3217,19924059261.169834
3218,19939534676.61102
3219,19955037324.60657
3220,19970422870.033512
3221,19985726093.285107
3222,20001056246.074596
3223,20016413375.7891
3224,20031618859.406013
3225,20046775899.267483
3226,20061959611.417324
3227,20077170042.789967
3228,20092187645.502163
3229,20107197336.26852
3230,20122233440.02247
3231,20137282928.533672
3232,20152118008.77741
3233,20166979194.736908
3234,20181866532.349575
3235,20196713171.722164
3236,20211398864.1105
3237,20226110399.32633
3238,20240847822.844448
3239,20255484091.43803
3240,20270019261.59007
3241,20284580009.685226
3242,20299166380.732166
3243,20313584864.323944
3244,20327968387.18977
3245,20342377221.13466
3246,20356799042.29472
3247,20371004803.68344
3248,20385235563.33489
3249,20399491365.237644
3250,20413681198.479656
3251,20427733359.941006
3252,20441810249.365063
3253,20455911910.264763
3254,20469862655.84086
3255,20483760121.00264
3256,20497682041.897896
3257,20511613050.176064
3258,20525280595.06306
3259,20538972191.082317
3260,20552687880.555733
3261,20566427705.879665
3262,20579975257.127186
3263,20593459956.71774
3264,20606968385.675545
3265,20620500585.756256
3266,20633932526.038036
3267,20647209319.087097
3268,20660509475.63909
3269,20673833036.80588
3270,20687138514.030857
3271,20700206407.039116
3272,20713297295.937862
3273,20726411221.19208
3274,20739548223.33793
3275,20752437578.185196
3276,20765318220.268982
3277,20778221528.726
3278,20791147543.44133
3279,20803889419.723755
3280,20816558851.364597
3281,20829250577.700848
3282,20841964637.963547
3283,20854548749.003468
3284,20867006021.55964
3285,20879485215.464214
3286,20891986369.291245
3287,20904402613.8338
3288,20916646793.106476
3289,20928912518.736767
3290,20941199828.63887
3291,20953438292.55245
3292,20965468458.246017
3293,20977519793.687115
3294,20989592336.127216
3295,21001643293.858925
3296,21013458539.04479
3297,21025294575.772324
3298,21037151440.627445
3299,21049005356.42377
3300,21060604787.006805
3301,21072224629.35243
3302,21083864919.37829
3303,21095512448.28025
3304,21106895182.46805
3305,21118297947.08783
3306,21129720777.386196
3307,21141152766.00861
3308,21152317933.782497
3309,21163502749.12693
3310,21174707246.614807
3311,21185914733.71777
3312,21196861476.305813
3313,21207827482.091957
3314,21218812784.972683
3315,21229787001.83426
3316,21240514471.18503
3317,21251260817.869278
3318,21262026075.104507
3319,21272758445.70174
3320,21283265803.95912
3321,21293791652.211143
3322,21304336022.993725
3323,21314818164.0001
3324,21325104582.978058
3325,21335409103.15463
3326,21345731756.381557
3327,21355955476.987476
3328,21366020137.644554
3329,21376102509.26312
3330,21386202623.00823
3331,21396159924.571297
3332,21406002016.484333
3333,21415861427.695824
3334,21425738188.681564
3335,21435421264.21313
3336,21445039985.049713
3337,21454675632.10998
3338,21464328235.178085
3339,21473698510.89563
3340,21483059374.71502
3341,21492436710.99808
3342,21501830548.73048
3343,21511012272.971977
3344,21520113886.726383
3345,21529231516.7333
3346,21538365191.17559
3347,21547350754.462246
3348,21556191672.493355
3349,21565048148.02208
3350,21573920208.424046
3351,21582702391.49511
3352,21591281109.33212
3353,21599874923.264652
3354,21608483859.85643
3355,21617055846.909107
3356,21625370794.544125
3357,21633700374.11007
3358,21642044611.353878
3359,21650400005.010853
3360,21658449539.593426
3361,21666513239.051624
3362,21674591128.31051
3363,21682683232.338997
3364,21690497880.7384
3365,21698284252.27716
3366,21706084325.594807
3367,21713898124.80153
3368,21721518177.27779
3369,21729026716.348274
3370,21736548468.28827
3371,21744083456.347626
3372,21751498697.92076
3373,21758728894.37383
3374,21765971813.88958
3375,21773227478.85597
3376,21780428034.954906
3377,21787379370.836952
3378,21794342939.06369
3379,21801318761.159546
3380,21808295098.05652
3381,21814967045.290874
3382,21821650733.22291
3383,21828346182.51195
3384,21835053413.85367
3385,21841456193.80978
3386,21847831424.087273
3387,21854217872.92206
3388,21860615560.054665
3389,21866875763.175068
3390,21872936053.218285
3391,21879007007.611946
3392,21885088645.12134
3393,21891180984.54483
3394,21896967556.584435
3395,21902723421.3718
3396,21908489414.805546
3397,21914265554.708355
3398,21919912277.8833
3399,21925353475.20869
3400,21930804247.454292
3401,21936264611.468433
3402,21941734584.129013
3403,21946884022.036507
3404,21952020012.499035
3405,21957165040.803116
3406,21962319122.85195
3407,21967302401.346924
3408,21972124065.15414
3409,21976954213.67714
3410,21981792861.84586
3411,21986596433.619694
3412,21991104240.853123
3413,21995619980.504112
3414,22000143666.530773
3415,22004675312.915718
3416,22008948849.446396
3417,22013150665.369984
3418,22017359875.253216
3419,22021576492.106705
3420,22025646669.183765
3421,22029535060.039757
3422,22033430293.317245
3423,22037332381.0563
3424,22041186940.501675
3425,22044762417.769016
3426,22048344186.820095
3427,22051932258.726074
3428,22055526644.57758
3429,22058822293.230927
3430,22062090952.10073
3431,22065365362.842106
3432,22068645535.576176
3433,22071705077.707996
3434,22074661167.717373
3435,22077622459.56795
3436,22080588962.41297
3437,22083401351.052113
3438,22086045424.126266
3439,22088694149.982803
3440,22091347536.80888
3441,22093902129.733734
3442,22096234747.810707
3443,22098571470.600487
3444,22100912305.325775
3445,22103198580.576996
3446,22105218749.711464
3447,22107242473.74047
3448,22109269758.91925
3449,22111283210.896812
3450,22112991488.66313
3451,22114702772.487244
3452,22116417067.65865
3453,22118134379.476166
3454,22119545125.700428
3455,22120944536.288456
3456,22122346409.419376
3457,22123750749.426308
3458,22124872228.144653
3459,22125960340.344505
3460,22127050367.294785
3461,22128142312.3647
3462,22128929201.849724
3463,22129663550.472885
3464,22130399191.32844
3465,22131136126.690216
3466,22131771076.705093
3467,22132153145.77939
3468,22132535887.17993
3469,22132919302.089767
3470,22133303391.69398
3471,22133418116.265045
3472,22133449450.59912
3473,22133480840.07215
3474,22133512284.781143
3475,22133448072.244144
3476,22133129496.84517
3477,22132810360.850105
3478,22132490663.272526
3479,22132170403.12426
3480,22131566248.813103
3481,22130898091.49925
3482,22130228758.43168
3483,22129558247.541546
3484,22128750525.0651
3485,22127734854.021915
3486,22126717395.7072
3487,22125698146.97605
3488,22124673727.786293
3489,22123312053.33508
3490,22121947982.75264
3491,22120581511.822758
3492,22119212636.321785
3493,22117621665.203636
3494,22115912497.390316
3495,22114200321.96499
3496,22112485133.635464
3497,22110656224.13972
3498,22108603475.540054
3499,22106547114.73276
3500,22104487135.361828
3501,22102408811.287796
3502,22100013999.132725
3503,22097614972.844753
3504,22095211725.008724
3505,22092804248.196404
3506,22090137684.02685
3507,22087397512.35261
3508,22084652518.821255
3509,22081902694.94826
3510,22078968667.945683
3511,22075888870.604057
3512,22072803653.770977
3513,22069713007.91033
3514,22066501598.44909
3515,22063083694.240746
3516,22059659775.5797
3517,22056229831.88298
3518,22052731620.956886
3519,22048977127.245903
3520,22045216026.791542
3521,22041448307.968655
3522,22037654366.83501
3523,22033564799.054405
3524,22029468034.90692
3525,22025364061.729946
3526,22021252866.838516
3527,22016841418.13575
3528,22012409046.296078
3529,22007968874.864944
3530,22003520890.118298
3531,21998805213.337456
3532,21994038761.977535
3533,21989263923.15382
3534,21984480682.107834
3535,21979453073.48794
3536,21974354068.0384
3537,21969246089.93749
3538,21964129123.397076
3539,21958779929.78268
3540,21953346684.06332
3541,21947903877.538383
3542,21942451493.384834
3543,21936786269.465153
3544,21931020429.63785
3545,21925244443.747993
3546,21919458293.942757
3547,21913470007.950356
3548,21907373215.13581
3549,21901265693.890106
3550,21895147425.335693
3551,21888829496.616688
3552,21882403386.532963
3553,21875965968.52832
3554,21869517222.70558
3555,21862863510.960712
3556,21856109713.580563
3557,21849344031.6585
3558,21842566444.28275
3559,21835571238.90515
3560,21828491378.131824
3561,21821399059.053658
3562,21814294259.74931
3563,21806952269.266018
3564,21799547962.626625
3565,21792130626.76633
3566,21784700238.75923
3567,21777006580.383602
3568,21769279438.73993
3569,21761538699.794415
3570,21753768763.963814
3571,21745734528.923176
3572,21737686156.19896
3573,21729623620.914864
3574,21721490146.78085
3575,21713136838.84833
3576,21704768831.772373
3577,21696386099.688805
3578,21687885384.89484
3579,21679214590.5707
3580,21670528538.435535
3581,21661827201.642174
3582,21652955912.144604
3583,21643969210.280106
3584,21634966694.715805
3585,21625948337.626434
3586,21616703497.871857
3587,21607402459.4572
3588,21598085054.21895
3589,21588727161.15472
3590,21579130236.60366
3591,21569516424.570618
3592,21559885695.34096
3593,21550146134.730385
3594,21540238537.92438
3595,21530313506.96153
3596,21520371011.165375
3597,21510247842.038002
3598,21500031116.534477
3599,21489796412.916008
3600,21479541134.06186
3601,21469035301.70285
3602,21458510982.501125
3603,21447968143.927982
3604,21437323180.443005
3605,21426511818.304375
3606,21415681431.69883
3607,21404831987.151722
3608,21393796350.126034
3609,21382680972.9968
3610,21371546036.442554
3611,21360362330.4373
3612,21348964500.601574
3613,21337546614.3235
3614,21326108636.312656
3615,21314530061.326313
3616,21302831747.86738
3617,21291112849.223083
3618,21279373329.172653
3619,21267399769.691837
3620,21255402457.617905
3621,21243384034.22926
3622,21231249309.612522
3623,21218976071.54225
3624,21206681236.626106
3625,21194364766.86332
3626,21181780694.86091
3627,21169156043.79665
3628,21156509177.526245
3629,21143840056.96095
3630,21131026772.9996
3631,21118054524.749878
3632,21105059449.64897
3633,21092041507.531948
3634,21078988386.24103
3635,21065671042.4503
3636,21052330264.566063
3637,21038966011.354954
3638,21025578241.51108
3639,21012009515.203312
3640,20998326800.19005
3641,20984620008.166145
3642,20970889096.767017
3643,20957071992.446125
3644,20943051066.421352
3645,20929005468.25954
3646,20914935154.54902
3647,20900840081.80174
3648,20886505709.37639
3649,20872124998.403923
3650,20857718982.208935
3651,20843287616.265858
3652,20828693985.875656
3653,20813981816.34481
3654,20799243758.348545
3655,20784479766.335125
3656,20769619738.64583
3657,20754579726.02251
3658,20739513248.05356
3659,20724420258.172234
3660,20709287372.223846
3661,20693923093.49099
3662,20678531778.82723
3663,20663113380.66191
3664,20647667851.340675
3665,20632016823.524685
3666,20616304217.211983
3667,20600563962.04729
3668,20584796009.38155
3669,20568866336.903984
3670,20552835946.089314
3671,20536777347.244286
3672,20520690490.736004
3673,20504477548.369144
3674,20488132842.646744
3675,20471759375.821598
3676,20455357097.287724
3677,20438856845.23053
3678,20422201257.001072
3679,20405516360.637
3680,20388802104.569878
3681,20372011066.62614
3682,20355047991.46828
3683,20338055067.11968
3684,20321032241.05995
3685,20303947483.415745
3686,20286680280.469135
3687,20269382693.18727
3688,20252054668.108215
3689,20234673778.699333
3690,20217105771.05942
3691,20199506849.787907
3692,20181876960.49161
3693,20164196822.414413
3694,20146319678.179607
3695,20128411076.35628
3696,20110470961.594204
3697,20092499278.44574
3698,20074347132.841675
3699,20056132919.820038
3700,20037886656.107033
3701,20019608285.30891
3702,20001195636.28106
3703,19982679831.126007
3704,19964131444.599823
3705,19945550419.375088
3706,19926873193.138237
3707,19908059765.10783
3708,19889213232.01177
3709,19870333535.601208
3710,19851388286.950924
3711,19832281155.98284
3712,19813140403.152943
3713,19793965969.303204
3714,19774749856.410995
3715,19755352893.615135
3716,19735921798.97385
3717,19716456512.431835
3718,19696956973.82814
3719,19677284300.52502
3720,19657566693.58068
3721,19637814390.594017
3722,19618027330.5171
3723,19598085109.627068
3724,19578084771.980034
3725,19558049240.804077
3726,19537978454.176
3727,19517765442.682877
3728,19497486108.536407
3729,19477171089.945984
3730,19456820324.124695
3731,19436316527.671867
3732,19415735890.786804
3733,19395119039.2924
3734,19374465909.469013
3735,19353776437.48489
3736,19332915446.956924
3737,19312002986.7403
3738,19291053728.049644
3739,19270067606.138092
3740,19249030122.953
3741,19227828169.270603
3742,19206588907.730564
3743,19185312272.689823
3744,19163998198.389862
3745,19142600794.136482
3746,19121077548.34057
3747,19099516429.35546
3748,19077917370.543518
3749,19056280305.149853
3750,19034526668.247517
3751,19012686988.577087
3752,18990808878.93575
3753,18968892271.706314
3754,18946937099.152622
3755,18924831731.5562
3756,18902680400.337383
3757,18880490090.78219
3758,18858260734.308666
3759,18835959258.699833
3760,18813540432.39579
3761,18791082157.084377
3762,18768584363.355614
3763,18746046981.677395
3764,18723398245.932034
3765,18700677640.156433
3766,18677917054.38123
3767,18655116418.262264
3768,18632263839.048763
3769,18609286438.47339
3770,18586268606.05767
3771,18563210270.66249
3772,18540111361.023663
3773,18516919135.295925
3774,18493649503.48207
3775,18470338925.638977
3776,18446987329.722977
3777,18423586956.234047
3778,18400070875.725628
3779,18376513415.554173
3780,18352914502.91311
3781,18329274064.867825
3782,18305544455.04149
3783,18281745377.564415
3784,18257904422.48629
3785,18234021516.124557
3786,18210082537.682766
3787,18186047014.421696
3788,18161969197.528797
3789,18137849012.589626
3790,18113686385.0588
3791,18089431056.83634
3792,18065121466.666756
3793,18040769100.642876
3794,18016373883.5019
3795,17991909509.14493
3796,17967370454.295113
3797,17942788219.845955
3798,17918162729.824394
3799,17893493908.123703
3800,17868736793.683582
3801,17843930342.51082
3802,17819080241.25592
3803,17794186413.118145
3804,17769233303.838078
3805,17744208176.997425
3806,17719139015.31581
3807,17694025741.31562
3808,17668868277.38294
3809,17643635016.064766
3810,17618352236.134083
3811,17593024968.02602
3812,17567653133.465458
3813,17542224693.93251
3814,17516733631.470715
3815,17491197714.362278
3816,17465616863.687405
3817,17439991000.38746
3818,17414297431.67718
3819,17388558106.160896
3820,17362773489.18639
3821,17336943501.065445
3822,17311058330.524418
3823,17285120734.768982
3824,17259137498.705444
3825,17233108542.031914
3826,17207031447.82297
3827,17180900619.62451
3828,17154723811.133362
3829,17128500941.449535
3830,17102231929.530775
3831,17075913172.559397
3832,17049547739.768053
3833,17023135913.908869
3834,16996677613.355759
3835,16970174163.757078
3836,16943624958.235462
3837,16917029036.30841
3838,16890386315.781065
3839,16863699689.299658
3840,16836971467.998108
3841,16810196215.324593
3842,16783373848.530207
3843,16756506140.24074
3844,16729603567.390678
3845,16702653656.410042
3846,16675656324.010315
3847,16648611486.756445
3848,16621537822.122143
3849,16594417834.2583
3850,16567250125.739326
3851,16540034612.60381
3852,16512791037.185114
3853,16485505464.676775
3854,16458171880.182524
3855,16430790199.228506
3856,16403380230.116592
3857,16375933477.811844
3858,16348438429.941858
3859,16320895001.533976
3860,16293322605.55635
3861,16265718992.67202
3862,16238066808.243933
3863,16210365966.813948
3864,16182635531.0503
3865,16154879292.896933
3866,16127074214.674377
3867,16099220210.4522
3868,16071336514.04883
3869,16043431803.721613
3870,16015477992.108261
3871,15987474992.818844
3872,15959445809.351381
3873,15931403449.024467
3874,15903311745.237823
3875,15875170611.175568
3876,15846979959.869114
3877,15818800895.709204
3878,15790576522.106607
3879,15762302484.81875
3880,15733978696.466503
3881,15705641726.254194
3882,15677289792.84819
3883,15648887971.339445
3884,15620436173.954123
3885,15591943814.04442
3886,15563469321.328463
3887,15534944724.891762
3888,15506369936.581264
3889,15477744868.088823
3890,15449133130.869936
3891,15420490661.875422
3892,15391797793.636673
3893,15363054437.480824
3894,15334299471.831026
3895,15305543928.475927
3896,15276737786.949623
3897,15247880958.229387
3898,15218986790.97016
3899,15190122869.99063
3900,15161208160.177876
3901,15132242572.173859
3902,15103226016.463377
3903,15074246001.871317
3904,15045227329.814877
3905,15016157596.67517
3906,14987036712.615356
3907,14957931982.418394
3908,14928813857.850288
3909,14899644497.242771
3910,14870423810.451303
3911,14841199587.06355
3912,14811986426.02149
3913,14782721861.754843
3914,14753405803.825073
3915,14724073451.547644
3916,14694792131.604586
3917,14665459288.545807
3918,14636074831.722
3919,14606638670.324396
3920,14577198471.860348
3921,14547803394.813787
3922,14518356594.53712
3923,14488857980.02914
3924,14459307460.12855
3925,14429772423.801476
3926,14400269153.26873
3927,14370713969.182024
3928,14341106780.205465
3929,14311447494.842499
3930,14281831115.255098
3931,14252225067.788729
3932,14222566925.976242
3933,14192856598.163862
3934,14163093992.536572
3935,14133410191.158415
3936,14103706640.207115
3937,14073950823.397478
3938,14044142648.774143
3939,14014288677.585814
3940,13984545093.615784
3941,13954749173.389101
3942,13924900824.826712
3943,13894999955.687593
3944,13865101826.179707
3945,13835271025.086811
3946,13805387734.326117
3947,13775451861.548855
3948,13745463314.243813
3949,13715536074.299118
3950,13685622914.487257
3951,13655657120.145983
3952,13625638598.671871
3953,13595567257.29857
3954,13565626174.146606
3955,13535635386.049223
3956,13505591826.88519
3957,13475495403.811028
3958,13445417545.041084
3959,13415406541.215544
3960,13385342730.797203
3961,13355226020.88026
3962,13325056318.395493
3963,13294990649.229975
3964,13264911228.32686
3965,13234778880.5028
3966,13204593512.640516
3967,13174408864.591587
3968,13144321954.356445
3969,13114182104.068153
3970,13083989220.586475
3971,13053743210.607317
3972,13023586588.516
3973,12993443617.477634
3974,12963247607.800993
3975,12932998466.17256
3976,12902725733.206335
3977,12872583873.480013
3978,12842388977.117472
3979,12812140950.808905
3980,12781839701.080372
3981,12751623385.109312
3982,12721433696.48651
3983,12691190887.128162
3984,12660894863.5767
3985,12630582685.413187
3986,12600402158.536009
3987,12570168527.091402
3988,12539881697.650423
3989,12509541576.619776
3990,12479314743.1965
3991,12449094114.472479
3992,12418820310.679113
3993,12388493238.263626
3994,12358191783.201605
3995,12327987850.202745
3996,12297730771.559927
3997,12267420453.772305
3998,12237056803.174583
3999,12206870754.458246
4000,12176634880.989042
4001,12146345805.735502
4002,12116003435.098257
4003,12085761442.465618
4004,12055550354.40113
4005,12025286108.212704
4006,11994968610.377924
4007,11964684880.366753
4008,11934517058.53415
4009,11904296154.75626
4010,11874022075.644878
4011,11843694727.647535
4012,11813522660.65009
4013,11783348824.638699
4014,11753121896.161835
4015,11722841781.81303
4016,11692587705.790369
4017,11662464524.164583
4018,11632288339.252407
4019,11602059057.804419
4020,11571776586.407167
4021,11541663574.042345
4022,11511541590.978813
4023,11481366606.800804
4024,11451138528.262926
4025,11420966178.355114
4026,11390901724.978598
4027,11360784371.764624
4028,11330614025.64616
4029,11300392395.94909
4030,11270388673.72294
4031,11240332158.569628
4032,11210222757.610397
4033,11180060377.803095
4034,11150022202.058245
4035,11120029609.416328
4036,11089984243.494432
4037,11059886011.448572
4038,11029821882.900633
4039,10999896178.40466
4040,10969917818.37294
4041,10939886710.168839
4042,10909807074.95959
4043,10879951109.13948
4044,10850042610.543642
4045,10820081486.751568
4046,10790067645.180235
4047,10760213414.251379
4048,10730377520.933674
4049,10700489130.22391
4050,10670548149.764078
4051,10640701856.721037
4052,10610941204.31338
4053,10581128186.955416
4054,10551262712.522373
4055,10521434932.902027
4056,10491752052.211908
4057,10462016943.466427
4058,10432229514.78179
4059,10402433550.213247
4060,10372849812.509619
4061,10343214021.24909
4062,10313526084.855038
4063,10283785911.589808
4064,10254220390.705296
4065,10224686460.192732
4066,10195100563.827265
4067,10165462610.186813
4068,10135882939.825157
4069,10106453295.025578
4070,10076971867.920515
4071,10047438567.41097
4072,10017856322.758375
4073,9988533274.353241
4074,9959158631.25574
4075,9929732302.697132
4076,9900254197.749027
4077,9870944842.06253
4078,9841679187.123104
4079,9812362038.544176
4080,9782993305.735027
4081,9753706120.612673
4082,9724551551.144194
4083,9695345683.548096
4084,9666088427.577782
4085,9636834896.094948
4086,9607793406.206902
4087,9578700817.211733
4088,9549557039.213175
4089,9520361982.156864
4090,9491422089.059687
4091,9462444676.41872
4092,9433416277.48427
4093,9404336802.558815
4094,9375454578.45975
4095,9346594143.46501
4096,9317682928.056068
4097,9288720842.897762
4098,9259907484.773752
4099,9231165735.547075
4100,9202373414.790874
4101,9173530433.537634
4102,9144797040.936571
4103,9116175595.612223
4104,9087503790.490076
4105,9058781536.975328
4106,9030152357.556728
4107,9001685694.501188
4108,8973168944.044569
4109,8944602018.07146
4110,8915984828.31151
4111,8887647404.29823
4112,8859287237.809587
4113,8830877171.371195
4114,8802417117.197659
4115,8774078756.77424
4116,8745876592.866205
4117,8717624807.070978
4118,8689323312.092546
4119,8660997368.992905
4120,8632954519.940435
4121,8604862329.372042
4122,8576720710.485168
4123,8548529576.324567
4124,8520538105.454885
4125,8492606722.371212
4126,8464626193.96649
4127,8436596433.783531
4128,8408643999.510157
4129,8380874537.8876095
4130,8353056215.901246
4131,8325188947.595356
4132,8297288405.659074
4133,8269681885.087969
4134,8242026790.903982
4135,8214323037.656078
4136,8186570539.742941
4137,8159044421.781242
4138,8131553485.9902525
4139,8104014180.028034
4140,8076426418.801685
4141,8048977347.261483
4142,8021651413.281192
4143,7994277399.506076
4144,7966855221.35427
4145,7939495396.585115
4146,7912335224.148085
4147,7885127263.629083
4148,7857871430.959625
4149,7830612836.176408
4150,7803619104.689618
4151,7776577878.028837
4152,7749489072.64106
4153,7722352604.826347
4154,7695516772.441306
4155,7668642883.016056
4156,7641721709.348599
4157,7614753168.257237
4158,7588041474.223051
4159,7561335451.309257
4160,7534582439.568962
4161,7507782356.340405
4162,7481205985.036989
4163,7454668286.818118
4164,7428083895.994342
4165,7401452730.425171
4166,7375022607.932185
4167,7348653624.398146
4168,7322238245.166629
4169,7295776388.6196575
4170,7269503174.758854
4171,7243303230.498692
4172,7217057188.019267
4173,7190764966.226125
4174,7164659047.739321
4175,7138628404.632114
4176,7112551961.244292
4177,7086429637.005723
4178,7060501121.788169
4179,7034639981.59534
4180,7008733339.415203
4181,6982781115.202568
4182,6957039827.516701
4183,6931348334.379744
4184,6905611637.802028
4185,6879829658.263767
4186,6854285134.862789
4187,6828763377.709831
4188,6803196715.818788
4189,6777585070.195522
4190,6752246557.290278
4191,6726894572.154741
4192,6701497981.04683
4193,6676071154.823421
4194,6650933156.50523
4195,6625750928.760089
4196,6600524393.78219
4197,6575322149.807014
4198,6550353547.6405945
4199,6525341014.15076
4200,6500284472.056348
4201,6475330090.481576
4202,6450569878.878163
4203,6425766102.663652
4204,6400918685.202145
4205,6376087098.147967
4206,6351534757.821943
4207,6326939218.682901
4208,6302300404.738621
4209,6277618239.863286
4210,6253258749.707738
4211,6228870870.623051
4212,6204440082.159093
4213,6179966308.833058
4214,6155751874.669941
4215,6131571024.779654
4216,6107347629.825515
4217,6083081614.965798
4218,6059023613.240807
4219,6035049110.704043
4220,6011032426.218613
4221,5986973485.581739
4222,5963082912.594991
4223,5939314027.328404
4224,5915503321.943203
4225,5891650722.873316
4226,5867938193.461964
4227,5844374149.763663
4228,5820768646.411399
4229,5797121610.473421
4230,5773597357.63542
4231,5750237336.699114
4232,5726836215.132289
4233,5703393920.634933
4234,5680067796.013294
4235,5656910938.336942
4236,5633713337.540675
4237,5610474921.95357
4238,5587356397.106278
4239,5564401804.799924
4240,5541406825.303882
4241,5518371387.573536
4242,5495469555.959281
4243,5472716294.955811
4244,5449923001.048842
4245,5427089603.817185
4246,5404413183.431414
4247,5381860285.604422
4248,5359267707.4561825
4249,5336635379.18591
4250,5314248746.09572
4251,5291982742.389522
4252,5269677563.18891
4253,5247333139.581343
4254,5224949402.533096
4255,5202880481.845791
4256,5180860195.1573715
4257,5158801165.3661175
4258,5136703324.320352
4259,5114568132.611543
4260,5092830193.315272
4261,5071054007.7413025
4262,5049239508.612088
4263,5027386628.5317745
4264,5005601273.119489
4265,4984105348.0092125
4266,4962571602.495994
4267,4940999970.051654
4268,4919390384.031063
4269,4897968008.1052
4270,4876712398.060575
4271,4855419390.497346
4272,4834088919.631468
4273,4812720919.563213
4274,4791673844.429518
4275,4770656813.243764
4276,4749602804.368075
4277,4728511752.75716
4278,4707467085.706417
4279,4686723483.712603
4280,4665943385.15898
4281,4645126725.846759
4282,4624273441.464266
4283,4603629348.381017
4284,4583120393.219438
4285,4562575354.4066725
4286,4541994168.470479
4287,4521384039.221897
4288,4501143442.244692
4289,4480867233.822341
4290,4460555351.313424
4291,4440207731.9663925
4292,4420021363.338153
4293,4400011180.0257225
4294,4379965790.726903
4295,4359885133.513725
4296,4339769146.349334
4297,4320015246.661021
4298,4300233528.114793
4299,4280417005.6110764
4300,4260565617.9293156
4301,4240904727.6818776
4302,4221418564.0308666
4303,4201898116.475047
4304,4182343324.7088375
4305,4162754128.3206196
4306,4143430692.631659
4307,4124202598.5417814
4308,4104940674.6603556
4309,4085644861.480818
4310,4066315099.391978
4311,4047341695.9127593
4312,4028368913.581035
4313,4009362750.717763
4314,3990323148.6068635
4315,3971327551.623185
4316,3952650455.2661448
4317,3933940498.657065
4318,3915197623.995211
4319,3896421773.3782306
4320,3877766861.0794644
4321,3859349102.174678
4322,3840898939.358096
4323,3822416315.63191
4324,3803901173.8981037
4325,3785598851.3655167
4326,3767437398.4586387
4327,3749243992.645457
4328,3731018577.7217045
4329,3712761097.384299
4330,3694822340.408008
4331,3676914160.0060396
4332,3658974472.364939
4333,3641003222.0645843
4334,3623062167.513102
4335,3605435239.0686545
4336,3587777298.264451
4337,3570088290.551012
4338,3552368161.2829604
4339,3534814745.133787
4340,3517434592.179567
4341,3500023861.0995226
4342,3482582498.1082115
4343,3465110449.325621
4344,3447953015.571759
4345,3430816618.861838
4346,3413650072.946834
4347,3396453324.795968
4348,3379338383.248453
4349,3362472404.3527365
4350,3345576752.066192
4351,3328651374.1951523
4352,3311696218.45419
4353,3294996242.0691457
4354,3278367587.5700626
4355,3261709677.282408
4356,3245022459.747271
4357,3228392369.150968
4358,3212026845.9034634
4359,3195632529.859426
4360,3179209370.374493
4361,3162757316.7152624
4362,3146558036.310161
4363,3130423472.080602
4364,3114260521.455286
4365,3098069134.5049143
4366,3081963939.155074
4367,3066085316.637512
4368,3050178758.064805
4369,3034244214.2999167
4370,3018281636.1194324
4371,3002620176.7390213
4372,2986966227.0838895
4373,2971284736.712383
4374,2955575657.183036
4375,2940046588.2589707
4376,2924673733.0540953
4377,2909273831.7232456
4378,2893846836.695069
4379,2878392700.3145833
4380,2863217723.051149
4381,2848095414.1464458
4382,2832946499.9720926
4383,2817770933.7323728
4384,2802601717.73344
4385,2787752017.2349315
4386,2772876191.1244693
4387,2757974193.4501657
4388,2743045978.1793485
4389,2728248668.5928965
4390,2713641013.535165
4391,2699007658.763055
4392,2684348559.0739894
4393,2669663669.1859126
4394,2655245092.3422637
4395,2640875530.8031406
4396,2626480688.4930587
4397,2612060520.9465117
4398,2597691622.390245
4399,2583581080.378937
4400,2569445713.3427954
4401,2555285477.61807
4402,2541100329.4642563
4403,2527126694.4652653
4404,2513246096.5633087
4405,2499341078.2396727
4406,2485411596.542448
4407,2471513921.315759
4408,2457883462.1480474
4409,2444229022.6778617
4410,2430550560.7275543
4411,2416848034.045337
4412,2403358638.7756386
4413,2389950215.1734633
4414,2376518201.9555807
4415,2363062557.6316895
4416,2349671702.0431147
4417,2336504806.4978275
4418,2323314746.3044486
4419,2310101480.720292
4420,2296864968.931048
4421,2283892234.713888
4422,2270939706.6850657
4423,2257964391.2017384
4424,2244966248.184826
4425,2232111264.5441194
4426,2219391922.1460247
4427,2206650202.5815187
4428,2193886066.4933014
4429,2181160025.3527746
4430,2168669595.798739
4431,2156157191.847992
4432,2143622774.8517776
4433,2131066306.0934193
4434,2118770331.3747761
4435,2106483035.9782295
4436,2094174123.6117358
4437,2081843556.255377
4438,2069691168.431083
4439,2057624847.0971947
4440,2045537297.5938394
4441,2033428482.5850704
4442,2021428616.2225296
4443,2009579206.3090055
4444,1997708949.8778908
4445,1985817810.264629
4446,1973978686.2638123
4447,1962342196.222269
4448,1950685234.2915075
4449,1939007764.4660077
4450,1927336923.6057465
4451,1915909432.1937873
4452,1904461836.6211944
4453,1892994101.5293548
4454,1881506191.4974875
4455,1870299666.7313187
4456,1859081853.575612
4457,1847844305.1924076
4458,1836586986.8721268
4459,1825470675.3326862
4460,1814478072.7201798
4461,1803466131.1273813
4462,1792434816.5417686
4463,1781419780.332117
4464,1770647899.2846484
4465,1759857067.6054323
4466,1749047251.9650846
4467,1738218418.9756384
4468,1727588174.604669
4469,1717014038.1826322
4470,1706421299.0632641
4471,1695809924.5292745
4472,1685295210.3129613
4473,1674933435.8460028
4474,1664553432.3207836
4475,1654155167.6772885
4476,1643764821.2760544
4477,1633611155.9099524
4478,1623439627.6414945
4479,1613250205.0547652
4480,1603042856.6786366
4481,1593042627.677224
4482,1583075393.973837
4483,1573090625.3960037
4484,1563088291.1048853
4485,1553222844.8817286
4486,1543455803.7222717
4487,1533671579.9144402
4488,1523870143.2389917
4489,1514146394.932959
4490,1504575521.9641597
4491,1494987811.4919744
4492,1485383233.904306
4493,1475807486.983912
4494,1466428834.4938786
4495,1457033682.6992378
4496,1447622002.582803
4497,1438200115.6374404
4498,1429015414.5566611
4499,1419814555.4139378
4500,1410597509.792346
4501,1401364249.2250257
4502,1392321055.441329
4503,1383310462.1423063
4504,1374284017.1220016
4505,1365241692.5024018
4506,1356339666.5554438
4507,1347515392.5644765
4508,1338675594.6657133
4509,1329820245.5577812
4510,1321064826.9184248
4511,1312423004.735899
4512,1303765979.654043
4513,1295093724.9361496
4514,1286489810.7799637
4515,1278026650.6965847
4516,1269548602.0542
4517,1261055638.6690404
4518,1252607612.092461
4519,1244319400.936876
4520,1236016609.0291479
4521,1227699210.726956
4522,1219410967.8696535
4523,1211294067.7519045
4524,1203162888.2878883
4525,1195017404.3654583
4526,1186892380.4645214
4527,1178943227.5175226
4528,1170980090.3593903
4529,1163002944.3971226
4530,1155044138.7995598
4531,1147259241.9205663
4532,1139460649.8228705
4533,1131648338.4218166
4534,1123858338.5825162
4535,1116234278.1765034
4536,1108596805.5273452
4537,1100945897.0481403
4538,1093326901.5409906
4539,1085860328.2675834
4540,1078380619.8333366
4541,1070887753.1387349
4542,1063441593.7088553
4543,1056129227.2344158
4544,1048803996.9096061
4545,1041465880.11215
4546,1034194042.7974468
4547,1027032670.5535947
4548,1019858700.1172588
4549,1012672109.3334508
4550,1005575754.6837095
4551,998562230.6337458
4552,991536368.5136616
4553,984498146.6260359
4554,977578129.0478262
4555,970709372.4620221
4556,963828532.5078782
4557,956935587.9359618
4558,950192474.191333
4559,943465468.4322882
4560,936726628.6988451
4561,929986660.3160354
4562,923410021.0671095
4563,916821812.386001
4564,910222013.9272639
4565,903662909.4629515
4566,897221936.5514423
4567,890769632.896091
4568,884305978.5712767
4569,877927469.1236106
4570,871619335.9879621
4571,865300105.8234308
4572,858969759.1154923
4573,852771355.7069378
4574,846593295.0324072
4575,840404366.1748228
4576,834225630.2709068
4577,828185558.2583373
4578,822134860.826682
4579,816073519.2909245
4580,810091049.9933765
4581,804207552.1667712
4582,798313704.3855594
4583,792409488.4492271
4584,786509983.4311973
4585,780778955.2990006
4586,775037845.4550478
4587,769286636.1706467
4588,763525309.6859294
4589,757893474.8047118
4590,752301100.1402352
4591,746698887.7073601
4592,741086820.2064586
4593,735544528.5493497
4594,730096992.4927404
4595,724639873.4839983
4596,719173154.6716969
4597,713725274.5616038
4598,708418784.0150691
4599,703102958.6589686
4600,697777782.0783179
4601,692443237.8292637
4602,687259501.4511552
4603,682081270.9721261
4604,676893931.3397998
4605,671697466.5361054
4606,666611962.9411249
4607,661567726.9566905
4608,656514617.5556047
4609,651452619.1344131
4610,646468802.6157334
4611,641555056.5907806
4612,636632666.7198483
4613,631701617.8032467
4614,626822493.7037868
4615,622035826.461675
4616,617240738.9425565
4617,612437216.3399403
4618,607665370.2232457
4619,603002461.5134559
4620,598331350.2538995
4621,593652022.0210232
4622,588989647.3242168
4623,584447265.4461061
4624,579896893.0595417
4625,575338516.1139245
4626,570787440.3497787
4627,566362439.8319587
4628,561929655.3128108
4629,557489073.1049354
4630,553050782.677917
4631,548740102.012736
4632,544421838.4668903
4633,540095978.7067004
4634,535771642.405735
4635,531572301.83815265
4636,527365574.2679589
4637,523151446.7059646
4638,518941937.9343493
4639,514851037.3046144
4640,510752940.447742
4641,506647634.7100711
4642,502553552.51095015
4643,498568269.1502654
4644,494575975.3716838
4645,490576658.8483529
4646,486598347.78187656
4647,482715934.4603392
4648,478826691.6966636
4649,474930607.4822875
4650,471068176.4085301
4651,467285959.3345252
4652,463497089.08987266
4653,459701553.9760087
4654,455954893.7956503
4655,452270270.66586703
4656,448579166.0584251
4657,444881568.57672256
4658,441250368.979416
4659,437660807.0786047
4660,434064930.9370705
4661,430462729.45233434
4662,426946494.72074276
4663,423449529.07036513
4664,419946412.07932127
4665,416437132.9316413
4666,413035196.84711546
4667,409628428.40195185
4668,406215667.29532367
4669,402821521.1493311
4670,399508442.8843373
4671,396189536.7761998
4672,392864792.57786095
4673,389585888.65597427
4674,386358250.0178454
4675,383124933.845444
4676,379885930.15606314
4677,376744724.67379117
4678,373631673.2395666
4679,370513145.85065955
4680,367389132.87885106
4681,364259624.67900825
4682,361246483.5410604
4683,358238657.26004964
4684,355225540.1387873
4685,352207122.8746097
4686,349199427.12859184
4687,346298363.3878098
4688,343392196.6203375
4689,340480917.8537916
4690,337564518.1000148
4691,334688715.1082004
4692,331885697.05661565
4693,329077748.4616169
4694,326264860.65415585
4695,323447024.9499441
4696,320702234.41492754
4697,317993946.4592841
4698,315280894.61019176
4699,312563070.49166656
4700,309840465.71301866
4701,307229602.27705336
4702,304617076.03016543
4703,301999954.35325426
4704,299378229.16659546
4705,296769999.68776023
4706,294254258.6282131
4707,291734092.39766926
4708,289209493.2158042
4709,286680453.28863484
4710,284189099.7054655
4711,281762284.17097324
4712,279331199.90189904
4713,276895839.39302504
4714,274456195.12595916
4715,272080944.4393604
4716,269739900.9730949
4717,267394739.66068998
4718,265045453.262285
4719,262692034.52529237
4720,260431802.47958
4721,258173492.0569032
4722,255911209.32990187
4723,253644947.31465897
4724,251402805.97265887
4725,249228124.94702145
4726,247049618.73133758
4727,244867280.6003836
4728,242681103.81711438
4729,240554395.32214475
4730,238456560.58435294
4731,236355035.8417512
4732,234249814.6068439
4733,232147824.05465996
4734,230127673.16945177
4735,228103968.93395096
4736,226076705.1009592
4737,224045875.4122981
4738,222058386.59763634
4739,220109623.06079733
4740,218157431.75502193
4741,216201806.6539478
4742,214243952.88442272
4743,212367358.94666713
4744,210487464.1935262
4745,208604262.82187548
4746,206717749.01839077
4747,204872382.68255952
4748,203062113.20729804
4749,201248659.59093794
4750,199432016.23552462
4751,197619771.2905339
4752,195876556.48269913
4753,194130275.48890203
4754,192380922.9186
4755,190628493.37177664
4756,188925862.2169729
4757,187244275.67039233
4758,185559731.35020444
4759,183872224.0565059
4760,182205010.7645386
4761,180585733.71564758
4762,178963608.50041023
4763,177338630.11165506
4764,175710793.53340954
4765,174149651.59008095
4766,172587646.13307068
4767,171022893.25750354
4768,169455388.13336208
4769,167930977.89215326
4770,166426879.1946831
4771,164920134.94049588
4772,163410740.47868815
4773,161924624.50903055
4774,160476302.6054874
4775,159025433.260032
4776,157572011.99427915
4777,156125481.79192522
4778,154730886.56491563
4779,153333838.4042403
4780,151934332.9976842
4781,150532366.02546534
4782,149185590.47637722
4783,147840386.6999471
4784,146492816.8744834
4785,145142876.84055665
4786,143835375.58962095
4787,142540113.3752708
4788,141242572.9613145
4789,139942750.34278247
4790,138675216.45264992
4791,137428064.12700164
4792,136178718.22892064
4793,134927174.9022364
4794,133702661.0223272
4795,132507125.17913893
4796,131309486.55772527
4797,130109741.461554
4798,128907886.18760502
4799,127764481.13025506
4800,126619995.36142203
4801,125473496.61360864
4802,124324981.34817603
4803,123188201.60858922
4804,122094545.0562555
4805,120998964.93315595
4806,119901457.85784885
4807,118802020.44295841
4808,117730065.03233378
4809,116683179.18391737
4810,115634452.03581564
4811,114583880.35124236
4812,113531460.88773134
4813,112523003.8266232
4814,111520927.20859632
4815,110517088.11136425
4816,109511483.43673052
4817,108515162.49057856
4818,107557701.39906757
4819,106598556.30583183
4820,105637724.25064737
4821,104675202.26809618
4822,103741472.48326153
4823,102825073.09774585
4824,101907061.93848605
4825,100987436.17225547
4826,100068841.0120071
4827,99193325.25014319
4828,98316269.62715676
4829,97437671.43624914
4830,96557527.96587242
4831,95699918.98366776
4832,94862036.00781126
4833,94022679.36682196
4834,93181846.4702909
4835,92341398.84256688
4836,91540984.38158245
4837,90739162.16054106
4838,89935929.70489797
4839,89131284.53576717
4840,88350881.72453335
4841,87586986.68728969
4842,86821748.12668283
4843,86055163.68110944
4844,85287230.98481676
4845,84557208.61153583
4846,83828219.88647172
4847,83097949.03705862
4848,82366393.80964077
4849,81646911.71642298
4850,80952509.91622242
4851,80256886.82714145
4852,79560040.30247597
4853,78861968.1917503
4854,78191705.517342
4855,77529141.79806788
4856,76865412.7915747
4857,76200516.44961493
4858,75542834.59557931
4859,74911815.64076532
4860,74279686.88284257
4861,73646446.37110592
4862,73012092.1514229
4863,72401963.5638929
4864,71799988.21055469
4865,71196954.14000374
4866,70592859.49134772
4867,69996609.17258687
4868,69423407.48451544
4869,68849197.6888284
4870,68273978.01360449
4871,67697746.68380971
4872,67147013.97519101
4873,66600310.34431628
4874,66052645.21388504
4875,65504016.893913604
4876,64967867.56753773
4877,64447413.03366496
4878,63926043.16900824
4879,63403756.36474846
4880,62883029.50422461
4881,62387625.17263169
4882,61891349.57015562
4883,61394201.16543177
4884,60896178.42440536
4885,60418074.34727423
4886,59945747.542579
4887,59472590.058109716
4888,58998600.433861464
4889,58537605.47729851
4890,58091807.075448
4891,57645224.65268014
4892,57197856.83100988
4893,56749702.230031446
4894,56316808.11664154
4895,55895390.60191137
4896,55473231.94875883
4897,55050330.85458297
4898,54626686.01449466
4899,54221419.26367291
4900,53823132.93434599
4901,53424146.1508407
4902,53024457.682073556
4903,52624066.294801705
4904,52245851.2035125
4905,51869511.326355286
4906,51492509.59529963
4907,51114844.847116984
4908,50739584.06425417
4909,50384691.57962194
4910,50029174.96258805
4911,49673033.11623069
4912,49316264.94170402
4913,48967873.62123099
4914,48632704.813075475
4915,48296946.5629641
4916,47960597.83495583
4917,47623657.591292635
4918,47301285.60281963
4919,46984832.581966825
4920,46667823.03672951
4921,46350255.98903169
4922,46033054.88455683
4923,45734886.36458095
4924,45436193.47836061
4925,45136975.304344185
4926,44837230.91936379
4927,44545264.99287424
4928,44263920.85856533
4929,43982081.94866772
4930,43699747.39364534
4931,43416916.32243499
4932,43149188.304635465
4933,42883810.80557481
4934,42617966.61281751
4935,42351654.90618917
4936,42090436.34783416
4937,41841559.08028774
4938,41592244.138483986
4939,41342490.753255166
4940,41092298.15408266
4941,40851135.21563873
4942,40617425.835782774
4943,40383305.45829951
4944,40148773.36091109
4945,39913828.820071414
4946,39692045.41877457
4947,39472684.88313055
4948,39252938.5858417
4949,39032805.84898689
4950,38814598.65856085
4951,38609173.981271684
4952,38403388.05133059
4953,38197240.23389363
4954,37990729.89300351
4955,37791288.806313954
4956,37598684.280590035
4957,37405741.04936382
4958,37212458.517421775
4959,37018836.08850661
4960,36837567.07907238
4961,36657311.4069771
4962,36476738.74747128
4963,36295848.54351442
4964,36118095.50921829
4965,35949806.85751942
4966,35781222.26441235
4967,35612341.20984536
4968,35443163.17285482
4969,35281862.18778802
4970,35124585.181066886
4971,34967031.599035785
4972,34809200.95568122
4973,34652103.31053578
4974,34505492.35222905
4975,34358623.57641747
4976,34211496.53005402
4977,34064110.75929724
4978,33922605.191852145
4979,33785815.31769586
4980,33648784.89809177
4981,33511513.5103499
4982,33374588.47360961
4983,33247306.240624472
4984,33119800.182564177
4985,32992069.906123593
4986,32864115.017308038
4987,32741803.014941406
4988,32623281.760381985
4989,32504552.08823106
4990,32385613.63226277
4991,32268024.74433776
4992,32157979.560804054
4993,32047740.86571795
4994,31937308.319049183
4995,31826681.58017136
4996,31722658.61400185
4997,31620430.37318559
4998,31518022.367890477
4999,31415434.282246623
5000,31316102.927761488
5001,31221432.05058335
5002,31126594.699149296
5003,31031590.580944806
5004,30937118.762933746
5005,30849578.015671078
5006,30761883.332973246
5007,30674034.444360826
5008,30586031.078880247
5009,30503723.89357678
5010,30422768.310314644
5011,30341670.37221536
5012,30260429.82915137
5013,30182751.16188225
5014,30108154.12410013
5015,30033425.913260937
5016,29958566.29888658
5017,29885569.06419369
5018,29816971.713831455
5019,29748253.74105454
5020,29679414.93392527
5021,29611116.140164044
5022,29548180.071885895
5023,29485133.336671185
5024,29421975.740076695
5025,29358707.0873179
5026,29300767.505218364
5027,29243072.32234306
5028,29185275.68882273
5029,29127377.426409565
5030,29073752.591995716
5031,29021107.485822987
5032,28968369.80952987
5033,28915539.400473528
5034,28866184.86889805
5035,28818305.53145778
5036,28770342.004406735
5037,28722294.139828116
5038,28677145.281359646
5039,28633763.590479653
5040,28590305.61895149
5041,28546771.23275547
5042,28505746.425870128
5043,28466609.519856837
5044,28427403.797451366
5045,28388129.137749482
5046,28351132.610583916
5047,28316002.016159993
5048,28280809.65019962
5049,28245555.404176995
5050,28212479.757875826
5051,28181130.568275984
5052,28149726.256456
5053,28118266.72557344
5054,28088995.170099672
5055,28061215.27041024
5056,28033386.524775922
5057,28005508.84738189
5058,27979917.177647177
5059,27955506.514646772
5060,27931052.930149622
5061,27906556.348750107
5062,27884514.68643916
5063,27863284.580359086
5064,27842017.145406753
5065,27820712.316002514
5066,27802086.64019404
5067,27783859.135969307
5068,27765599.582535397
5069,27747327.138215784
5070,27731961.411197998
5071,27716568.66692251
5072,27701148.857926194
5073,27686190.101972006
5074,27673496.13183077
5075,27660779.842264783
5076,27648041.194064412
5077,27636247.24094603
5078,27626075.977766003
5079,27615886.830869716
5080,27605679.768840376
5081,27596902.55272686
5082,27589113.412555583
5083,27581310.57714158
5084,27573494.02242634
5085,27567587.019541387
5086,27562047.40221279
5087,27556498.044921424
5088,27551166.944229826
5089,27547757.77287634
5090,27544342.607417982
5091,27540921.43732512
5092,27538303.45557834
5093,27536897.24403966
5094,27535488.560074154
5095,27534077.399338648
5096,27534026.636750475
5097,27534512.306486327
5098,27534998.830130197
5099,27535591.850263286
5100,27537860.63814602
5101,27540133.415009
5102,27542410.18785926
5103,27545398.587069456
5104,27549352.69062664
5105,27553313.746239796
5106,27557281.766120773
5107,27562525.868588127
5108,27568072.230713096
5109,27573628.344320714
5110,27579520.72412205
5111,27586559.192385063
5112,27593610.035456467
5113,27600673.275073152
5114,27608975.73848334
5115,27617934.330711845
5116,27626908.673546493
5117,27635898.794653546
5118,27644904.72174779
5119,27655089.331399135
5120,27665831.83542569
5121,27676593.226299588
5122,27687373.537195425
5123,27698172.801345978
5124,27710150.5174403
5125,27722539.954480164
5126,27734951.17372942
5127,27747384.213447742
5128,27759839.111961834
5129,27773514.724586226
5130,27787424.77845618
5131,27801359.287769835
5132,27815318.295481604
5133,27829301.844621092
5134,27844576.164078675
5135,27859890.331386525
5136,27875231.42250148
5137,27890599.484712563
5138,27906184.579660024
5139,27922766.235983163
5140,27939377.044285562
5141,27956017.055769224
5142,27972686.321725823
5143,27989774.848746855
5144,28007551.883782852
5145,28025360.172109768
5146,28043199.76861931
5147,28061070.72829943
5148,28079563.947598487
5149,28098463.12689962
5150,28117395.532014612
5151,28136361.221298594
5152,28155360.25320905
5153,28175070.359538145
5154,28195002.142996494
5155,28214968.96733978
5156,28234970.894109983
5157,28255007.984956875
5158,28275849.915516842
5159,28296732.01234125
5160,28317650.82041803
5161,28338606.40422167
5162,28359768.896681808
5163,28381487.49552162
5164,28403244.275935303
5165,28425039.304978687
5166,28446872.64982497
5167,28469073.218113728
5168,28491595.578620866
5169,28514157.53337225
5170,28536759.15190341
5171,28559400.503871657
5172,28582550.451311175
5173,28605812.8003267
5174,28629116.044116426
5175,28652460.254498526
5176,28675957.101639427
5177,28699858.806207273
5178,28723802.529219713
5179,28747788.344467286
5180,28771816.325869728
5181,28796160.278883584
5182,28820701.106961645
5183,28845285.076649282
5184,28869912.263707962
5185,28894582.744032003
5186,28919635.837726507
5187,28944762.72181138
5188,28969933.777357347
5189,28995149.08193299
5190,29020483.5719892
5191,29046102.851752724
5192,29071767.168242883
5193,29097476.600546554
5194,29123231.227889303
5195,29149188.999281295
5196,29175300.29381
5197,29201457.48955974
5198,29227660.66713398
5199,29253909.90727753
5200,29280423.290224943
5201,29306985.846457623
5202,29333595.096746255
5203,29360251.12308505
5204,29387029.140434913
5205,29413958.276374627
5206,29440934.750416625
5207,29467958.64568471
5208,29495030.04544847
5209,29522274.35774398
5210,29549582.52451795
5211,29576938.695223
5212,29604342.954150602
5213,29631836.994117722
5214,29659444.356538136
5215,29687100.24845817
5216,29714804.75509075
5217,29742557.96179814
5218,29770429.505088102
5219,29798355.343139336
5220,29826330.27004277
5221,29854354.371991917
5222,29882450.747016333
5223,29910619.29740137
5224,29938837.362896197
5225,29967105.030441355
5226,29995424.505078964
5227,30023810.857803628
5228,30052247.10809939
5229,30080733.343576826
5230,30109269.652000144
5231,30137852.287800904
5232,30166483.89778556
5233,30195165.835952822
5234,30223898.190667666
5235,30252669.406823356
5236,30281475.497907955
5237,30310332.22346801
5238,30339239.672404762
5239,30368191.58872932
5240,30397153.06228578
5241,30426165.44303197
5242,30455228.820346475
5243,30484343.283764593
5244,30513451.11221886
5245,30542601.646461558
5246,30571803.419693466
5247,30601056.52187397
5248,30630307.488239784
5249,30659580.165291112
5250,30688904.29560329
5251,30718279.969510354
5252,30747663.279623836
5253,30777043.45222161
5254,30806475.266599696
5255,30835958.81342157
5256,30865462.751438044
5257,30894937.072954636
5258,30924463.201305475
5259,30954041.227442387
5260,30983653.1938329
5261,31013209.474980336
5262,31042817.70658533
5263,31072477.97985033
5264,31102184.847687777
5265,31131811.95350025
5266,31161491.133816604
5267,31191222.480055407
5268,31221006.083795458
5269,31250693.030412845
5270,31280427.257018585
5271,31310213.745853208
5272,31340052.588662997
5273,31369815.59044525
5274,31399594.831164636
5275,31429426.41278172
5276,31459310.42717923
5277,31489138.556421105
5278,31518953.661537144
5279,31548821.170133483
5280,31578741.17420104
5281,31608623.111562572
5282,31638465.735756088
5283,31668360.81134043
5284,31698308.43038908
5285,31728232.608199406
5286,31758095.139387984
5287,31788010.156494908
5288,31817977.751652736
5289,31847932.47264656
5290,31877807.96711448
5291,31907735.969820395
5292,31937716.57293443
5293,31967690.10794674
5294,31997572.231207516
5295,32027506.873889152
5296,32057494.12817959
5297,32087474.79586217
5298,32117357.768748853
5299,32147293.262078587
5300,32177281.36803943
5301,32207257.59925825
5302,32237136.148777608
5303,32267067.21049146
5304,32297050.876571737
5305,32327011.265787624
5306,32356880.580317516
5307,32386802.3903336
5308,32416776.787976928
5309,32446710.13360319
5310,32476565.82204918
5311,32506473.981552772
5312,32536434.704210438
5313,32566330.039669216
5314,32596168.094230518
5315,32626058.588374335
5316,32656001.614140086
5317,32685848.23110259
5318,32715664.993327692
5319,32745534.157227773
5320,32775455.814773977
5321,32805243.27986349
5322,32835035.409705065
5323,32864879.89744133
5324,32894776.834964998
5325,32924495.001021627
5326,32954259.44862559
5327,32984076.204981495
5328,33013902.557920247
5329,33043584.374743026
5330,33073318.354729608
5331,33103104.589427765
5332,33132844.608812332
5333,33162493.47207569
5334,33192194.440092795
5335,33221947.604307324
5336,33251591.79547772
5337,33281205.384562343
5338,33310871.015910152
5339,33340588.78085336
5340,33370127.96356039
5341,33399704.157660414
5342,33429332.32780371
5343,33458952.822622865
5344,33488437.867527883
5345,33517974.72791587
5346,33547563.494717956
5347,33577063.098958656
5348,33606507.10995146
5349,33636002.863809615
5350,33665550.45133504
5351,33694920.72621416
5352,33724322.084492445
5353,33753775.11017159
5354,33783182.34417662
5355,33812403.326598294
5356,33841675.65906169
5357,33870999.43167625
5358,33900374.73470899
5359,33929643.406108655
5360,33958784.883596696
5361,33987977.570772775
5362,34017221.557497665
5363,34046516.9337894
5364,34075630.80726763
5365,34104690.83927051
5366,34133801.93719547
5367,34162964.19064874
5368,34192177.68939343
5369,34221121.02666765
5370,34250097.89534079
5371,34279125.68314933
5372,34308204.47943966
5373,34337250.43202486
5374,34366091.93559972
5375,34394984.119922265
5376,34423927.07391878
5377,34452920.88667121
5378,34481767.06705094
5379,34510522.690737344
5380,34539328.84360924
5381,34568185.61432475
5382,34597093.09169704
5383,34625725.0828785
5384,34654393.635325275
5385,34683112.563300125
5386,34711881.95518924
5387,34740575.48948617
5388,34769105.782767534
5389,34797686.2081053
5390,34826316.85345668
5391,34854997.80693262
5392,34883450.11076542
5393,34911891.49759158
5394,34940382.8595904
5395,34968924.28444151
5396,34997411.934355885
5397,35025713.85599235
5398,35054065.50721233
5399,35082466.975262746
5400,35110918.34754295
5401,35139139.17975477
5402,35167350.789040506
5403,35195611.96855437
5404,35223922.80526129
5405,35252153.83115673
5406,35280225.152037285
5407,35308345.79611225
5408,35336515.84991126
5409,35364735.40011522
5410,35392675.48997372
5411,35420655.4262896
5412,35448684.52455932
5413,35476762.87102729
5414,35504689.13408538
5415,35532528.25584979
5416,35560416.291611865
5417,35588353.32717911
5418,35616253.84236601
5419,35643952.100316994
5420,35671699.02422461
5421,35699494.699459255
5422,35727339.21154076
5423,35754915.1832787
5424,35782520.99654053
5425,35810175.31265515
5426,35837878.2167046
5427,35865397.91925832
5428,35892850.3556791
5429,35920351.024928994
5430,35947900.01161434
5431,35975405.504928045
5432,36002704.73600171
5433,36030051.93018436
5434,36057447.17160726
5435,36084890.54454894
5436,36112072.27968984
5437,36139266.20781855
5438,36166507.9133619
5439,36193797.48012309
5440,36220941.520115085
5441,36247982.423486
5442,36275070.8348722
5443,36302206.83760233
5444,36329301.37166013
5445,36356189.51951531
5446,36383124.90646172
5447,36410107.61535448
5448,36437137.72919356
5449,36463876.80501383
5450,36490659.461414225
5451,36517489.1708821
5452,36544366.0159438
5453,36571033.945833415
5454,36597664.18640041
5455,36624341.2117113
5456,36651065.103819884
5457,36677650.95453005
5458,36704129.1118442
5459,36730653.786165364
5460,36757225.05907591
5461,36783718.18042158
5462,36810044.60233752
5463,36836417.27413716
5464,36862836.27693247
5465,36889226.299818926
5466,36915401.347185016
5467,36941622.37794794
5468,36967889.47275041
5469,36994166.30648486
5470,37020190.35113932
5471,37046260.11335959
5472,37072375.673320085
5473,37098529.502361655
5474,37124402.92537129
5475,37150321.80078761
5476,37176286.20831811
5477,37202296.22780959
5478,37228030.67870373
5479,37253799.05674888
5480,37279612.701968886
5481,37305471.69374385
5482,37331065.50912748
5483,37356683.78556552
5484,37382347.06493684
5485,37408055.4261563
5486,37433499.595610246
5487,37458968.17133884
5488,37484481.486466095
5489,37510039.61944276
5490,37535325.39020147
5491,37560644.67019994
5492,37586008.42677641
5493,37611409.355113626
5494,37636535.6104322
5495,37661706.002836615
5496,37686920.60971806
5497,37712145.19288015
5498,37737123.23200321
5499,37762145.14729433
5500,37787211.01568526
5501,37812251.24744101
5502,37837081.48175526
5503,37861955.33204515
5504,37886872.87478424
5505,37911720.98901578
5506,37936403.83091039
5507,37961130.02931537
5508,37985899.66024733
5509,38010548.12625458
5510,38035083.98857204
5511,38059662.94866251
5512,38084285.082086995
5513,38108726.59992068
5514,38133115.89547401
5515,38157548.0307909
5516,38182023.08097803
5517,38206250.57681455
5518,38230493.71796393
5519,38254779.44159449
5520,38279059.29750054
5521,38303114.443929136
5522,38327211.8422098
5523,38351351.566415004
5524,38375402.73349337
5525,38399312.802820496
5526,38423264.8686164
5527,38447259.00450392
5528,38471075.06373034
5529,38494840.46418235
5530,38518647.60643973
5531,38542491.58163621
5532,38566071.304495
5533,38589692.44261231
5534,38613355.068588555
5535,38636950.55319428
5536,38660386.67114035
5537,38683863.95155718
5538,38707382.46660017
5539,38730723.65831506
5540,38754016.57317507
5541,38777350.39842684
5542,38800693.13487041
5543,38823760.99187206
5544,38846869.3635666
5545,38870018.32097041
5546,38893206.76025543
5547,38916091.36973003
5548,38939016.171496406
5549,38961981.236003965
5550,38984986.63382495
5551,39007707.74630976
5552,39030449.94085301
5553,39053232.07686511
5554,39076054.22435325
5555,39098603.40272884
5556,39121163.94220853
5557,39143764.10356201
5558,39166403.95623443
5559,39188771.93735883
5560,39211151.76339644
5561,39233570.89337166
5562,39256029.39617039
5563,39278207.25666716
5564,39300407.300372034
5565,39322646.331718616
5566,39344920.98963728
5567,39366903.56633678
5568,39388924.74834604
5569,39410984.60332314
5570,39433050.424908325
5571,39454855.362650536
5572,39476698.5931819
5573,39498580.18361079
5574,39520429.2270701
5575,39542057.42413302
5576,39563723.60304712
5577,39585427.830373846
5578,39607052.45904463
5579,39628504.80343803
5580,39649994.82030926
5581,39671522.575675674
5582,39692915.44993101
5583,39714192.819473915
5584,39735507.55366804
5585,39756859.717989355
5586,39777970.189919606
5587,39799013.50180228
5588,39820093.766762465
5589,39841211.04955299
5590,39862271.95442287
5591,39883082.852819234
5592,39903930.29561502
5593,39924814.34684506
5594,39945735.07065578
5595,39966391.21678385
5596,39987007.468495265
5597,40007659.92211738
5598,40028348.64108248
5599,40048929.423053205
5600,40069316.09882586
5601,40089738.57283036
5602,40110196.907789715
5603,40130688.772613056
5604,40150847.47172334
5605,40171041.56820333
5606,40191271.12407171
5607,40211536.20145542
5608,40231593.33083585
5609,40251560.636060044
5610,40271563.00190008
5611,40291600.48978232
5612,40311534.713881254
5613,40331244.75008335
5614,40350989.394622214
5615,40370768.70812983
5616,40390582.75134401
5617,40410160.32769391
5618,40429649.40424769
5619,40449172.700488105
5620,40468730.27636394
5621,40488296.29426704
5622,40507531.93237177
5623,40526801.34463043
5624,40546104.5902094
5625,40565441.728378184
5626,40584626.48365138
5627,40603644.12157855
5628,40622695.15022541
5629,40641779.62808427
5630,40660897.61374941
5631,40679691.09746886
5632,40698491.99906193
5633,40717325.91016893
5634,40736192.888612024
5635,40754932.9058562
5636,40773485.74698037
5637,40792071.161559165
5638,40810689.20664911
5639,40829339.93940609
5640,40847667.55458923
5641,40866006.51972398
5642,40884377.68214943
5643,40902781.09826081
5644,40921029.11600114
5645,40939123.655832395
5646,40957249.96329808
5647,40975408.09403908
5648,40993560.42643178
5649,41011389.43187017
5650,41029249.73823774
5651,41047141.400356136
5652,41065064.47314247
5653,41082845.78986449
5654,41100442.563849404
5655,41118070.230406605
5656,41135728.84364019
5657,41153418.45774853
5658,41170780.85561446
5659,41188101.74912318
5660,41205453.05023089
5661,41222834.81219007
5662,41240247.088346034
5663,41257387.03163468
5664,41274434.5343644
5665,41291511.964105435
5666,41308619.37326631
5667,41325756.814346984
5668,41342656.39997818
5669,41359432.968122296
5670,41376238.98701668
5671,41393074.508233726
5672,41409939.58343552
5673,41426581.88128017
5674,41443089.93785561
5675,41459626.973188736
5676,41476193.038023196
5677,41492788.183190905
5678,41509157.20199218
5679,41525399.13716385
5680,41541669.58331138
5681,41557968.590356976
5682,41574296.208309904
5683,41590376.86259944
5684,41606355.03400247
5685,41622361.25275296
5686,41638395.56795918
5687,41654458.02881495
5688,41670236.10679828
5689,41685952.83985687
5690,41701697.16073143
5691,41717469.11772356
5692,41733268.75921886
5693,41748730.89160431
5694,41764188.47984742
5695,41779673.20041602
5696,41795185.100811966
5697,41810683.787184715
5698,41825857.858366825
5699,41841058.56374118
5700,41856285.949935906
5701,41871540.06366025
5702,41886694.43888912
5703,41901614.30466635
5704,41916560.35784545
5705,41931532.64427028
5706,41946531.20986443
5707,41961330.30085861
5708,41975998.157067776
5709,41990691.75775777
5710,42005411.1479949
5711,42020156.37292396
5712,42034589.932841584
5713,42049007.94470845
5714,42063451.26195054
5715,42077919.92886337
5716,42092326.99539831
5717,42106472.47125969
5718,42120642.77369703
5719,42134837.946166165
5720,42149058.03219861
5721,42163077.30219403
5722,42176977.604398035
5723,42190902.302300334
5724,42204851.438600555
5725,42218815.0748307
5726,42232448.348299526
5727,42246105.54836293
5728,42259786.71689782
5729,42273491.8958541
5730,42287028.97696444
5731,42300381.40826279
5732,42313757.27271152
5733,42327156.61132197
5734,42340579.4651769
5735,42353844.8272777
5736,42366917.683849566
5737,42380013.48237071
5738,42393132.26299089
5739,42406274.06592967
5740,42419260.68649686
5741,42432055.938972026
5742,42444873.64567259
5743,42457713.8458928
5744,42470576.578995295
5745,42483275.26658964
5746,42495795.91822339
5747,42508338.54164799
5748,42520903.17531147
5749,42533489.85772887
5750,42545887.47963072
5751,42558136.48565507
5752,42570406.98624055
5753,42582699.0189983
5754,42595012.621604875
5755,42607096.95947063
5756,42619077.22769843
5757,42631078.51837928
5758,42643100.86829637
5759,42655144.314296834
5760,42666904.02667189
5761,42678618.41809213
5762,42690353.36489667
5763,42702108.90304961
5764,42713878.38348362
5765,42725309.65466764
5766,42736760.984032504
5767,42748232.40667099
5768,42759723.95773685
5769,42771144.00245308
5770,42782315.43710787
5771,42793506.473510996
5772,42804717.14595486
5773,42815947.488791555
5774,42827009.239013195
5775,42837923.55635364
5776,42848857.023800105
5777,42859809.67485311
5778,42870781.54307147
5779,42881476.87829359
5780,42892136.75308594
5781,42902815.33105408
5782,42913512.644914925
5783,42924160.39975905
5784,42934550.23387896
5785,42944958.29699324
5786,42955384.62098802
5787,42965829.23780496
5788,42976092.0726195
5789,42986233.119550206
5790,42996391.95850488
5791,43006568.62060364
5792,43016757.55132079
5793,43026635.02207024
5794,43036529.82203959
5795,43046441.98153824
5796,43056371.530928195
5797,43066159.87459496
5798,43075794.02374272
5799,43085445.074766345
5800,43095113.05722614
5801,43104798.000733785
5802,43114180.99457227
5803,43123574.274121374
5804,43132984.03252301
5805,43142410.29859611
5806,43151687.75650882
5807,43160826.545313455
5808,43169981.36615958
5809,43179152.24708347
5810,43188311.895723164
5811,43197199.41908398
5812,43206102.53335041
5813,43215021.26578605
5814,43223955.643701896
5815,43232672.98880489
5816,43241301.522802114
5817,43249945.19295223
5818,43258604.025722176
5819,43267278.04762478
5820,43275650.2395787
5821,43284022.6858433
5822,43292409.81861968
5823,43300811.66358707
5824,43309143.89625137
5825,43317248.859805845
5826,43325368.04034569
5827,43333501.46272803
5828,43341649.15185314
5829,43349619.59754913
5830,43357474.47729709
5831,43365343.13496297
5832,43373225.59463488
5833,43381121.88044268
5834,43388725.642169856
5835,43396333.097487256
5836,43403953.896341436
5837,43411588.062059686
5838,43419118.73367053
5839,43426468.45438138
5840,43433831.0662611
5841,43441206.591845125
5842,43448595.05370795
5843,43455746.95799089
5844,43462854.762715206
5845,43469975.03393102
5846,43477107.79343
5847,43484166.972006425
5848,43491023.256027296
5849,43497891.56510979
5850,43504771.920273
5851,43511664.34257253
5852,43518335.39312064
5853,43524954.93931832
5854,43531586.09502417
5855,43538228.88052961
5856,43544790.56368242
5857,43551164.453684196
5858,43557549.52208887
5859,43563945.788433485
5860,43570353.27228904
5861,43576519.91607858
5862,43582661.91692289
5863,43588814.68916217
5864,43594978.25162103
5865,43601021.614127435
5866,43606923.47491696
5867,43612835.68570922
5868,43618758.26459153
5869,43624670.28563812
5870,43630334.841692574
5871,43636009.33134853
5872,43641693.771964714
5873,43647388.1809299
5874,43652897.08477589
5875,43658336.601170875
5876,43663785.656233706
5877,43669244.26663198
5878,43674611.66662388
5879,43679818.86496666
5880,43685035.1943598
5881,43690260.67075779
5882,43695480.41898923
5883,43700457.86143993
5884,43705444.03183497
5885,43710438.94542378
5886,43715442.61748216
5887,43720255.673749
5888,43725014.1580638
5889,43729780.986116186
5890,43734556.172483325
5891,43739214.706383035
5892,43743747.88307105
5893,43748289.00822966
5894,43752838.095744744
5895,43757337.66339675
5896,43761647.81555874
5897,43765965.5249462
5898,43770290.80476083
5899,43774623.668227255
5900,43778716.842351586
5901,43782813.32648993
5902,43786916.992985636
5903,43791027.85438475
5904,43794958.10928892
5905,43798835.46081689
5906,43802719.61032017
5907,43806610.569672786
5908,43810375.00364726
5909,43814035.21582111
5910,43817701.845101684
5911,43821374.902697146
5912,43824971.138202555
5913,43828416.103165105
5914,43831867.10770191
5915,43835324.16236112
5916,43838750.33707503
5917,43841981.843875654
5918,43845219.015873395
5919,43848461.86296198
5920,43851710.39505233
5921,43854736.35588527
5922,43857761.3820233
5923,43860791.71119651
5924,43863827.35266555
5925,43866683.74374649
5926,43869498.2026388
5927,43872317.59529693
5928,43875141.93033624
5929,43877828.290801145
5930,43880433.650144525
5931,43883043.57657635
5932,43885658.07807123
5933,43888174.45415561
5934,43890572.067541726
5935,43892973.883730754
5936,43895379.91006087
5937,43897726.862895265
5938,43899917.966258764
5939,43902112.91032536
5940,43904311.70180058
5941,43906490.32006997
5942,43908476.02774337
5943,43910465.21599258
5944,43912457.890894026
5945,43914454.05853469
5946,43916251.109446235
5947,43918035.53199005
5948,43919823.08218466
5949,43921613.76548994
5950,43923248.25599443
5951,43924828.77191453
5952,43926412.05800925
5953,43927998.119114205
5954,43929472.7165306
5955,43930850.04854531
5956,43932229.79454493
5957,43933611.95874305
5958,43934929.969410196
5959,43936104.69800975
5960,43937281.48544173
5961,43938460.33529961
5962,43939625.86204969
5963,43940599.863071084
5964,43941575.5710799
5965,43942552.989055365
5966,43943532.11998178
5967,43944341.45792992
5968,43945119.205124326
5969,43945898.31531155
5970,43946678.790870234
5971,43947333.56738802
5972,43947916.39916405
5973,43948500.25231597
5974,43949085.12862609
5975,43949580.53949889
5976,43949971.42954191
5977,43950363.00457478
5978,43950755.26579281
5979,43951086.9645644
5980,43951288.81631919
5981,43951491.02178544
5982,43951693.58158033
5983,43951857.65513541
5984,43951873.303244606
5985,43951888.97877365
5986,43951904.68177043
5987,43951897.6269738
5988,43951729.83868597
5989,43951561.75639488
5990,43951393.379587635
5991,43951211.08874386
5992,43950848.45604537
5993,43950485.187951185
5994,43950121.283352844
5995,43949756.741139956
5996,43949255.42022094
5997,43948700.25508215
5998,43948144.117234506
5999,43947587.00498123
6000,43946954.57079526
6001,43946210.71244119
6002,43945465.55080777
6003,43944719.08362172
6004,43943950.036853135
6005,43943020.60611761
6006,43942089.547020696
6007,43941156.85672225
6008,43940222.5323772
6009,43939134.24906567
6010,43938020.337577306
6011,43936904.474593975
6012,43935786.65671219
6013,43934556.197795264
6014,43933262.39958426
6015,43931966.334800966
6016,43930667.99949257
6017,43929291.2302712
6018,43927820.433406435
6019,43926347.059971854
6020,43924871.10547436
6021,43923344.32496584
6022,43921699.3416769
6023,43920051.47676736
6024,43918400.725212544
6025,43916720.64101513
6026,43914904.20941208
6027,43913084.59595431
6028,43911261.79509394
6029,43909425.49943097
6030,43907440.28518299
6031,43905451.59353563
6032,43903459.41842614
6033,43901463.75378124
6034,43899306.360757366
6035,43897144.5495762
6036,43894978.95181473
6037,43892809.56087168
6038,43890516.59317658
6039,43888184.524159536
6040,43885848.37047718
6041,43883508.12500905
6042,43881075.91582689
6043,43878576.371074796
6044,43876072.448465854
6045,43873564.140368976
6046,43870989.43294243
6047,43868325.11686834
6048,43865656.134502925
6049,43862982.47771291
6050,43860262.400382765
6051,43857435.9415741
6052,43854604.53266368
6053,43851768.16502414
6054,43848900.20749573
6055,43845914.16052978
6056,43842922.88414585
6057,43839926.36923039
6058,43836908.36001251
6059,43833765.207227275
6060,43830616.55007525
6061,43827462.37896437
6062,43824292.463929325
6063,43820994.61714973
6064,43817690.99529822
6065,43814381.58831172
6066,43811058.21032618
6067,43807608.012547806
6068,43804151.77311537
6069,43800689.48150196
6070,43797211.36108155
6071,43793611.08811226
6072,43790004.51091177
6073,43786391.618496485
6074,43782757.73543798
6075,43779009.59749858
6076,43775254.896640934
6077,43771493.62143151
6078,43767703.19737897
6079,43763809.34066424
6080,43759908.66612185
6081,43756001.1618751
6082,43752053.6437782
6083,43748016.151978835
6084,43743971.591110535
6085,43739919.94885976
6086,43735814.99328382
6087,43731635.88907068
6088,43727449.46810834
6089,43723255.71765277
6090,43718993.175902046
6091,43714674.42237306
6092,43710348.1078712
6093,43706014.21922798
6094,43701594.12324525
6095,43697137.62533661
6096,43692673.32558597
6097,43688201.21040639
6098,43683623.759413734
6099,43679031.36527577
6100,43674430.931681685
6101,43669806.23060936
6102,43665087.99247827
6103,43660361.494816914
6104,43655626.7232431
6105,43650843.078626506
6106,43645992.7065339
6107,43641133.84391867
6108,43636266.47599752
6109,43631324.57760736
6110,43626343.754296884
6111,43621354.212436385
6112,43616355.93684673
6113,43611238.77783701
6114,43606111.02244858
6115,43600974.29165475
6116,43595828.569830425
6117,43590611.896489024
6118,43585339.86869921
6119,43580058.6133257
6120,43574768.11430554
6121,43569448.02409305
6122,43564034.2900052
6123,43558611.080668256
6124,43553178.379589416
6125,43547736.17024753
6126,43542198.44434554
6127,43536635.76074362
6128,43531063.34166598
6129,43525481.17016858
6130,43519836.62845596
6131,43514136.86210221
6132,43508427.12074584
6133,43502707.38702717
6134,43496953.257072836
6135,43491118.71394266
6136,43485273.96033973
6137,43479418.978496015
6138,43473552.84360056
6139,43467585.74669746
6140,43461608.2077629
6141,43455620.208627336
6142,43449621.73109
6143,43443542.473967075
6144,43437434.29598879
6145,43431315.42962626
6146,43425185.856283195
6147,43418993.47572366
6148,43412756.726776116
6149,43406509.064900935
6150,43400250.47111265
6151,43393943.38271461
6152,43387580.05499711
6153,43381205.5933155
6154,43374819.97830129
6155,43368396.86199543
6156,43361908.87409842
6157,43355409.53457861
6158,43348898.8236906
6159,43342358.6035289
6160,43335747.80262951
6161,43329125.43570144
6162,43322491.48262798
6163,43315833.30778693
6164,43309101.471776605
6165,43302357.85846307
6166,43295602.44736377
6167,43288825.674297504
6168,43281974.51384376
6169,43275111.36782576
6170,43268236.21540056
6171,43261340.39108213
6172,43254371.55162603
6173,43247390.52124398
6174,43240397.278737634
6175,43233382.12492949
6176,43226297.18862131
6177,43219199.858813815
6178,43212090.1139583
6179,43204955.512456544
6180,43197756.000031255
6181,43190543.89421418
6182,43183319.173110925
6183,43176061.066681534
6184,43168733.08924233
6185,43161392.294246174
6186,43154038.65941085
6187,43146672.162415914
6188,43139265.66579944
6189,43131798.832986355
6190,43124318.9404416
6191,43116825.96546438
6192,43109319.88531501
6193,43101764.822103344
6194,43094161.20605045
6195,43086544.29174748
6196,43078914.056081615
6197,43071270.47590036
6198,43063566.97257125
6199,43055828.54038557
6200,43048076.57490396
6201,43040311.05260761
6202,43032531.94993747
6203,43024680.40226803
6204,43016809.01988735
6205,43008923.87246019
6206,43001024.93606774
6207,42993101.82360675
6208,42985113.22890675
6209,42977110.66480636
6210,42969094.10703387
6211,42961063.53127588
6212,42952991.265863836
6213,42944873.389296114
6214,42936741.3180515
6215,42928595.02746963
6216,42920434.492847845
6217,42912214.20466016
6218,42903968.62752651
6219,42895708.633236684
6220,42887434.19674668
6221,42879135.440006934
6222,42870778.2681856
6223,42862406.484753326
6224,42854020.064330615
6225,42845618.98149451
6226,42837172.620559
6227,42828690.86978997
6228,42820194.2904479
6229,42811682.85677944
6230,42803154.18865317
6231,42794564.203230605
6232,42785959.200703986
6233,42777339.154994965
6234,42768704.03998057
6235,42760029.00463658
6236,42751317.22887852
6237,42742590.22398887
6238,42733847.96352422
6239,42725087.877713054
6240,42716270.89625004
6241,42707438.50246878
6242,42698590.669610314
6243,42689727.37086994
6244,42680822.792694874
6245,42671886.5009656
6246,42662934.589285485
6247,42653967.030538365
6248,42644975.55943609
6249,42635936.78445203
6250,42626882.21113866
6251,42617811.81207274
6252,42608725.559784174
6253,42599591.95649889
6254,42590436.065331966
6255,42581264.172098055
6256,42572076.24902372
6257,42562854.644859314
6258,42553598.70906499
6259,42544326.597136974
6260,42535038.281002425
6261,42525727.48837898
6262,42516372.71336928
6263,42507001.59028822
6264,42497614.09076734
6265,42488210.18638971
6266,42478760.651136726
6267,42469291.65914461
6268,42459806.12049803
6269,42450304.00648757
6270,42440765.0862931
6271,42431199.3048597
6272,42421616.8084661
6273,42412017.56811372
6274,42402388.476468176
6275,42392726.731022336
6276,42383048.10377543
6277,42373352.565442406
6278,42363633.51002016
6279,42353876.79021363
6280,42344103.023517
6281,42334312.18036185
6282,42324502.63681418
6283,42314651.87398576
6284,42304783.90082816
6285,42294898.687492535
6286,42284996.204079054
6287,42275054.340736724
6288,42265093.038030945
6289,42255114.33298251
6290,42245118.195413455
6291,42235086.50835565
6292,42225032.69917709
6293,42214961.326951995
6294,42204872.36122695
6295,42194750.64770584
6296,42184605.10343467
6297,42174441.83678367
6298,42164260.817026295
6299,42154048.97687592
6300,42143812.41924715
6301,42133557.98118896
6302,42123285.6317041
6303,42112983.6561353
6304,42102656.75920081
6305,42092311.8249879
6306,42081948.82223068
6307,42071556.783536725
6308,42061140.175543725
6309,42050705.37454381
6310,42040252.3490046
6311,42029770.39111161
6312,42019264.65630005
6313,42008740.57379687
6314,41998198.11180497
6315,41987626.441605814
6316,41977032.12192942
6317,41966419.30084665
6318,41955787.9462975
6319,41945126.82571189
6320,41934444.42248564
6321,41923743.36503732
6322,41913023.621045664
6323,41902273.359753005
6324,41891503.33523003
6325,41880714.504500195
6326,41869906.08025415
6327,41859067.78377863
6328,41848210.56266038
6329,41837334.38411598
6330,41826436.71425191
6331,41815511.760036394
6332,41804567.73091798
6333,41793604.59385664
6334,41782618.130506955
6335,41771606.87178365
6336,41760576.388538085
6337,41749526.647474855
6338,41738451.86574729
6339,41727354.62240954
6340,41716238.005512945
6341,41705101.981507756
6342,41693939.3749677
6343,41682756.434836745
6344,41671553.97263722
6345,41660330.77499323
6346,41649082.031138614
6347,41637813.65117647
6348,41626525.60110923
6349,41615214.93419866
6350,41603881.125140905
6351,41592527.53261174
6352,41581154.12236242
6353,41569756.54185703
6354,41558337.865903765
6355,41546899.25948627
6356,41535440.08230918
6357,41523956.75273899
6358,41512453.38072501
6359,41500929.93157719
6360,41489384.37455516
6361,41477816.63944781
6362,41466228.71575312
6363,41454620.56853223
6364,41442989.21506672
6365,41431337.19309012
6366,41419664.83661519
6367,41407971.30859145
6368,41396255.53875436
6369,41384519.32407282
6370,41372762.629171886
6371,41360983.946507454
6372,41349184.19984394
6373,41337363.86301103
6374,41325522.58318924
6375,41313659.40197456
6376,41301775.52082524
6377,41289870.90393246
6378,41277945.51542653
6379,41265999.20678537
6380,41254031.764835775
6381,41242043.44259585
6382,41230034.203950256
6383,41218004.01272229
6384,41205953.109390795
6385,41193881.59926914
6386,41181789.028878525
6387,41169675.36179792
6388,41157540.56154451
6389,41145385.56138298
6390,41133210.12349874
6391,41121013.44565345
6392,41108795.491121076
6393,41096556.223113135
6394,41084297.675635286
6395,41072018.400897995
6396,41059717.70670823
6397,41047395.55603534
6398,41035051.91390217
6399,41022690.970093906
6400,41010308.465713225
6401,40997904.363490224
6402,40985478.626091704
6403,40973031.21612117
6404,40960565.88637056
6405,40948080.367786214
6406,40935573.073388256
6407,40923043.96554187
6408,40910493.00654842
6409,40897923.14651992
6410,40885334.77033181
6411,40872724.440675154
6412,40860092.11961423
6413,40847437.769148946
6414,40834763.36933259
6415,40822072.236746676
6416,40809358.97325754
6417,40796623.54062902
6418,40783865.90056012
6419,40771087.06453596
6420,40758293.22458859
6421,40745477.076432995
6422,40732638.58153297
6423,40719777.701287
6424,40706894.62838528
6425,40693998.08095978
6426,40681079.048065536
6427,40668137.49086654
6428,40655173.37046103
6429,40642186.64788131
6430,40629187.03911476
6431,40616165.07499869
6432,40603120.408981904
6433,40590053.00186245
6434,40576962.81437193
6435,40563860.21613067
6436,40550735.2305433
6437,40537587.36534785
6438,40524416.58104208
6439,40511222.838056974
6440,40498017.61149663
6441,40484789.4728966
6442,40471538.276798286
6443,40458263.98339908
6444,40444967.37302462
6445,40431659.10649594
6446,40418327.64436411
6447,40404972.94659361
6448,40391594.97308124
6449,40378196.08350321
6450,40364784.464264326
6451,40351349.47126873
6452,40337891.06418041
6453,40324409.20259516
6454,40310908.544122405
6455,40297393.33042605
6456,40283854.564446285
6457,40270292.205546066
6458,40256706.21301965
6459,40243104.3169547
6460,40229485.234215476
6461,40215842.42023637
6462,40202175.834078744
6463,40188485.43473478
6464,40174782.84744583
6465,40161059.59000759
6466,40147312.42188978
6467,40133541.301851496
6468,40119747.18442809
6469,40105943.466395855
6470,40092115.699184395
6471,40078263.8413199
6472,40064387.85125851
6473,40050493.802709304
6474,40036585.39220872
6475,40022652.752277225
6476,40008695.841137655
6477,39994714.61694237
6478,39980722.451666065
6479,39966710.61902287
6480,39952674.37896107
6481,39938613.68940428
6482,39924528.50820509
6483,39910431.575781666
6484,39896316.00191898
6485,39882175.842145614
6486,39868011.0540853
6487,39853821.595290154
6488,39839620.349287115
6489,39825400.685192116
6490,39811156.25613867
6491,39796887.01944976
6492,39782592.932376325
6493,39768287.85619942
6494,39753963.724684864
6495,39739614.64856005
6496,39725240.58484631
6497,39710841.4904926
6498,39696433.091026366
6499,39682004.088365644
6500,39667549.96079328
6501,39653070.66502817
6502,39638566.1577163
6503,39624054.959848635
6504,39609520.65729355
6505,39594961.048833296
6506,39580376.09088323
6507,39565766.89270555
6508,39551152.28171173
6509,39536512.2269021
6510,39521846.68446124
6511,39507155.610499956
6512,39492444.4459902
6513,39477723.79026856
6514,39462977.50853981
6515,39448205.55668329
6516,39433407.89050405
6517,39418595.33101628
6518,39403768.13561679
6519,39388915.13121374
6520,39374036.27338005
6521,39359131.517613895
6522,39344218.136246294
6523,39329283.88628842
6524,39314323.64349164
6525,39299337.36312117
6526,39284327.07534269
6527,39269311.36963554
6528,39254269.531351365
6529,39239201.51552199
6530,39224107.27710373
6531,39208997.12131057
6532,39193873.46088666
6533,39178723.48258814
6534,39163547.14113708
6535,39148344.39117948
6536,39133138.40238205
6537,39117910.33293608
6538,39102655.766547
6539,39087374.657638
6540,39072066.960555755
6541,39056746.28446695
6542,39041413.60550702
6543,39026054.2502457
6544,39010668.17280702
6545,38995255.327237904
6546,38979819.24042342
6547,38964381.47360568
6548,38948916.850355834
6549,38933425.324497625
6550,38917906.8497772
6551,38902361.379863195
6552,38886812.670622915
6553,38871242.27978679
6554,38855644.80510303
6555,38840020.20001587
6556,38824368.41789152
6557,38808705.87883534
6558,38793029.20167174
6559,38777325.25858071
6560,38761594.00270333
6561,38745835.3871021
6562,38730059.72893008
6563,38714276.228778474
6564,38698465.27974891
6565,38682626.834677964
6566,38666760.84632327
6567,38650872.79993109
6568,38634981.92333135
6569,38619063.41400414
6570,38603117.22448029
6571,38587143.30721113
6572,38571143.61945374
6573,38555144.79716991
6574,38539118.157383755
6575,38523063.65231894
6576,38506981.23411919
6577,38490870.854848064
6578,38474763.31217814
6579,38458627.95690759
6580,38442464.5503249
6581,38426273.04426469
6582,38410053.390481055
6583,38393835.880931005
6584,38377591.21114376
6585,38361318.30303604
6586,38345017.108132035
6587,38328687.57787486
6588,38312360.86750874
6589,38296006.27094941
6590,38279623.248064615
6591,38263211.750066586
6592,38246773.17020693
6593,38230336.5884414
6594,38213871.44034742
6595,38197377.67690569
6596,38180855.24901496
6597,38164308.89391833
6598,38147761.31374717
6599,38131184.97750301
6600,38114579.83585206
6601,38097945.83937803
6602,38081292.49343274
6603,38064633.26803822
6604,38047945.09577259
6605,38031227.92698588
6606,38014481.711945355
6607,37997722.15979681
6608,37980950.63166823
6609,37964149.96479936
6610,37947320.1092226
6611,37930461.01488705
6612,37913596.04047329
6613,37896711.541903645
6614,37879797.71163699
6615,37862854.49938652
6616,37845881.8547815
6617,37828912.24056156
6618,37811914.09410054
6619,37794886.421882585
6620,37777829.17329999
6621,37760751.635050505
6622,37743668.824007176
6623,37726556.34287436
6624,37709414.140806556
6625,37692242.16687339
6626,37675061.460252985
6627,37657863.81479076
6628,37640636.30325221
6629,37623378.874468096
6630,37606091.552451134
6631,37588808.38116817
6632,37571495.198086746
6633,37554151.95179774
6634,37536778.59080634
6635,37519389.575997554
6636,37501990.353571974
6637,37484560.92138575
6638,37467101.22770308
6639,37449611.22070201
6640,37432121.2882422
6641,37414605.296354674
6642,37397058.89557595
6643,37379482.03384177
6644,37361887.51048931
6645,37344284.57998315
6646,37326651.092582054
6647,37308986.9959787
6648,37291292.237778686
6649,37273598.26537111
6650,37255877.30697287
6651,37238125.59050792
6652,37220343.063337445
6653,37202545.83519642
6654,37184737.016826846
6655,37166897.29090115
6656,37149026.60453527
6657,37131126.761548325
6658,37113229.68986095
6659,37095301.56049619
6660,37077342.32032378
6661,37059351.91612524
6662,37041354.78330778
6663,37023337.8523543
6664,37005289.659586355
6665,36987210.15153793
6666,36969111.74384807
6667,36951005.60917431
6668,36932868.061033644
6669,36914699.0457117
6670,36896500.00758816
6671,36878304.26325326
6672,36860076.953147456
6673,36841818.0233071
6674,36823527.419678874
6675,36805233.23648526
6676,36786915.75416467
6677,36768566.498898044
6678,36750185.41638154
6679,36731791.94039263
6680,36713383.87209381
6681,36694943.87697404
6682,36676471.900477834
6683,36657981.76150191
6684,36639488.87436145
6685,36620963.91658132
6686,36602406.833371736
6687,36583817.569852285
6688,36565215.53728264
6689,36546605.262552924
6690,36527962.71777982
6691,36509287.847847536
6692,36490580.59754896
6693,36471867.84356767
6694,36453139.479202665
6695,36434378.64426251
6696,36415585.28330373
6697,36396759.34079107
6698,36377937.03562935
6699,36359089.874121085
6700,36340210.04036996
6701,36321297.47860307
6702,36302355.297150016
6703,36283421.44474945
6704,36264454.77330583
6705,36245455.22680791
6706,36226422.7491518
6707,36207373.25546026
6708,36188319.37884424
6709,36169232.47955477
6710,36150112.5012485
6711,36130959.38748904
6712,36111803.74563876
6713,36092629.123090476
6714,36073421.27308193
6715,36054180.13893606
6716,36034907.75407413
6717,36015645.035559736
6718,35996348.940553814
6719,35977019.41213769
6720,35957656.39329887
6721,35938280.086861745
6722,35918895.37147948
6723,35899477.07282257
6724,35880025.1336358
6725,35860539.49656963
6726,35841060.42548549
6727,35821552.97868391
6728,35802011.74065031
6729,35782436.653791316
6730,35762843.953949444
6731,35743246.9793147
6732,35723616.06214842
6733,35703951.14461254
6734,35684252.16877381
6735,35664558.91618114
6736,35644837.93795541
6737,35625082.80721563
6738,35605293.465782754
6739,35585488.62263016
6740,35565677.199922085
6741,35545831.471953504
6742,35525951.380298674
6743,35506036.86643572
6744,35486133.67196286
6745,35466196.961387664
6746,35446225.73352862
6747,35426219.929616116
6748,35406207.17012319
6749,35386179.09035787
6750,35366116.339105345
6751,35346018.85734742
6752,35325897.50267594
6753,35305777.66608135
6754,35285623.0031895
6755,35265433.45473264
6756,35245208.96134585
6757,35224992.48828138
6758,35204745.52460347
6759,35184463.51969272
6760,35164146.413933545
6761,35143823.34934551
6762,35123483.694996245
6763,35103108.84313747
6764,35082698.73390215
6765,35062270.03451421
6766,35041837.299040474
6767,35021369.20917159
6768,35000865.70478829
6769,34980332.32210252
6770,34959806.11466449
6771,34939244.39533686
6772,34918647.10374737
6773,34898014.17942489
6774,34877389.9133213
6775,34856734.17289312
6776,34836042.70184659
6777,34815315.43945632
6778,34794588.460298315
6779,34773838.3071428
6780,34753052.264404155
6781,34732230.27110204
6782,34711406.91394481
6783,34690571.02351485
6784,34669699.099610135
6785,34648791.08102131
6786,34627846.90643886
6787,34606908.6982356
6788,34585950.55917249
6789,34564956.18079416
6790,34543925.501560986
6791,34522858.45983285
6792,34501807.232802264
6793,34480726.15868591
6794,34459608.638340786
6795,34438454.60989569
6796,34417269.70155192
6797,34396101.59433996
6798,34374896.8950109
6799,34353655.541461855
6800,34332377.471488595
6801,34311083.05874651
6802,34289790.84118298
6803,34268461.8227629
6804,34247095.94104938
6805,34225693.13350371
6806,34204291.03782851
6807,34182874.01341848
6808,34161419.97832709
6809,34139928.869782045
6810,34118400.62490866
6811,34096892.664427295
6812,34075350.13299231
6813,34053770.379961334
6814,34032153.342225224
6815,34010518.318169214
6816,33988886.94611847
6817,33967218.20380724
6818,33945512.027891204
6819,33923768.354922846
6820,33902030.950189665
6821,33880272.87251559
6822,33858477.211812824
6823,33836643.90439779
6824,33814782.669116326
6825,33792934.90872536
6826,33771049.41535636
6827,33749126.12508897
6828,33727164.97389882
6829,33705204.82653754
6830,33683229.15136508
6831,33661215.52858068
6832,33639163.89392232
6833,33617083.131538786
6834,33595016.924180806
6835,33572912.61796871
6836,33550770.14840212
6837,33528589.45087583
6838,33506413.22966929
6839,33484217.88788442
6840,33461984.230733983
6841,33439712.193373542
6842,33417418.555248972
6843,33395131.82452174
6844,33372806.625886217
6845,33350442.89425801
6846,33328040.56444711
6847,33305654.905666366
6848,33283237.81042777
6849,33260782.028880335
6850,33238287.495593168
6851,33215787.600727048
6852,33193278.25255839
6853,33170730.064230077
6854,33148142.97006974
6855,33125530.370767813
6856,33102928.41213969
6857,33080287.458965387
6858,33057607.445330415
6859,33034888.30521348
6860,33012188.740727518
6861,32989454.663444698
6862,32966681.370535027
6863,32943868.795734208
6864,32921059.681605075
6865,32898232.11975875
6866,32875365.186580885
6867,32852458.815563478
6868,32829541.669815883
6869,32806620.261763275
6870,32783659.3261349
6871,32760658.796178322
6872,32737635.132197853
6873,32714619.51511232
6874,32691564.213666137
6875,32668469.160861876
6876,32645340.48741662
6877,32622230.297290992
6878,32599080.265478168
6879,32575890.324735112
6880,32552660.407710437
6881,32529453.017648634
6882,32506207.889741834
6883,32482922.69478944
6884,32459597.36519343
6885,32436288.0774319
6886,32412947.486527946
6887,32389566.669918697
6888,32366145.559758984
6889,32342735.86981748
6890,32319299.44783959
6891,32295822.640951455
6892,32272305.38106018
6893,32248796.779944975
6894,32225264.15764473
6895,32201690.99068308
6896,32178077.210718796
6897,32154471.184949007
6898,32130841.99190812
6899,32107172.09390756
6900,32083461.422357067
6901,32059759.45399161
6902,32036033.31862353
6903,32012266.317449454
6904,31988458.381629474
6905,31964661.94829419
6906,31940838.49784533
6907,31916974.020195145
6908,31893068.44625348
6909,31869179.0211688
6910,31845257.881719872
6911,31821295.553124312
6912,31797291.96604128
6913,31773311.01805002
6914,31749291.814516928
6915,31725231.259341165
6916,31701134.47543307
6917,31677058.276525754
6918,31652940.63266062
6919,31628781.474105142
6920,31604595.979670476
6921,31580421.126368385
6922,31556204.664760504
6923,31531946.52486203
6924,31507673.775282588
6925,31483399.889565505
6926,31459084.231641885
6927,31434726.731274087
6928,31410368.17766307
6929,31385994.88035036
6930,31361579.646376815
6931,31337122.405251212
6932,31312679.494481664
6933,31288206.405232698
6934,31263691.2143141
6935,31239139.092051525
6936,31214608.025713455
6937,31190034.763028316
6938,31165419.233109467
6939,31140785.52023724
6940,31116154.06366959
6941,31091480.244889695
6942,31066763.992755983
6943,31042050.12308507
6944,31017317.893027432
6945,30992543.13433612
6946,30967725.77561404
6947,30942933.17882504
6948,30918099.7908602
6949,30893223.70728317
6950,30868327.09820474
6951,30843434.95811238
6952,30818500.02666701
6953,30793522.23207317
6954,30768549.626521695
6955,30743555.72405772
6956,30718518.86240281
6957,30693448.059749056
6958,30668434.55206027
6959,30643378.056843795
6960,30618278.5020184
6961,30593135.815388404
6962,30567949.924643192
6963,30542773.305212673
6964,30517610.929464437
6965,30492405.321216274
6966,30467156.40801403
6967,30441864.117288563
6968,30416528.37635552
6969,30391251.65202915
6970,30365939.58837104
6971,30340584.046074226
6972,30315184.952310584
6973,30289742.234136418
6974,30264303.59987261
6975,30238884.67789924
6976,30213422.103067864
6977,30187915.802290995
6978,30162365.70236526
6979,30136771.72997139
6980,30111243.932148103
6981,30085673.92043215
6982,30060060.007757474
6983,30034402.12066082
6984,30008700.18556253
6985,29983020.661628965
6986,29957342.807775762
6987,29931620.877416804
6988,29905854.796828497
6989,29880044.492170528
6990,29854218.14524992
6991,29828432.04311212
6992,29802601.688388314
6993,29776727.007094122
6994,29750807.925128397
6995,29724844.36827288
6996,29698944.873092163
6997,29673005.686436307
6998,29647021.996336218
6999,29620993.728429463
7000,29594920.80823621
7001,29568884.51323594
7002,29542836.086202174
7003,29516742.97831823
7004,29490605.114959966
7005,29464422.42138577
7006,29438254.148164317
7007,29412096.071436025
7008,29385893.135920156
7009,29359645.266730715
7010,29333352.38886385
7011,29307056.93183001
7012,29280788.795227833
7013,29254475.621370126
7014,29228117.335108723
7015,29201713.86117724
7016,29175295.987748276
7017,29148917.380238194
7018,29122493.556474913
7019,29096024.44104783
7020,29069509.95842773
7021,29042974.40922667
7022,29016484.91892834
7023,28989950.03285039
7024,28963369.67531933
7025,28936743.770543028
7026,28910095.259594835
7027,28883494.473789968
7028,28856848.112151124
7029,28830156.098741814
7030,28803418.357506603
7031,28776661.57243332
7032,28749949.077574305
7033,28723190.826300036
7034,28696386.742410827
7035,28669536.74958757
7036,28642676.35180258
7037,28615851.7335211
7038,28588981.177717272
7039,28562064.60792786
7040,28535101.947569937
7041,28508142.572471038
7042,28481205.415587083
7043,28454222.139548942
7044,28427192.667629503
7045,28400116.92298184
7046,28373063.180143163
7047,28346013.068674017
7048,28318916.655895114
7049,28291773.86481532
7050,28264584.618323468
7051,28237441.09168656
7052,28210277.60885607
7053,28183067.64203768
7054,28155811.113976117
7055,28128509.877323557
7056,28101279.195359513
7057,28074001.923607398
7058,28046677.984668005
7059,28019307.301021606
7060,27991925.056802813
7061,27964580.35103753
7062,27937188.872029055
7063,27909750.54211387
7064,27882265.28350757
7065,27854806.53858715
7066,27827347.39043973
7067,27799841.285075445
7068,27772288.144566245
7069,27744687.890862864
7070,27717157.127221767
7071,27689583.1173553
7072,27661961.965781137
7073,27634293.59430638
7074,27606621.64282809
7075,27578979.59953776
7076,27551290.307869278
7077,27523553.68948638
7078,27495769.665931236
7079,27468034.265531596
7080,27440276.70487699
7081,27412471.710587937
7082,27384619.204063267
7083,27356750.622758217
7084,27328924.664367676
7085,27301051.165317744
7086,27273130.046864234
7087,27245161.23014105
7088,27217237.667609155
7089,27189295.535091817
7090,27161305.675899606
7091,27133268.011023406
7092,27105219.16976029
7093,27077208.275221612
7094,27049149.5466348
7095,27021042.904848028
7096,26992888.270587206
7097,26964792.815099493
7098,26936665.08862118
7099,26908489.341326553
7100,26880265.493798863
7101,26852059.648919098
7102,26823877.607274696
7103,26795647.462379254
7104,26767369.134715557
7105,26739042.54464377
7106,26710750.256664526
7107,26682465.651063
7108,26654132.78016087
7109,26625751.564218078
7110,26597321.923372038
7111,26568948.77515984
7112,26540561.298242647
7113,26512125.393657066
7114,26483640.98144056
7115,26455107.981507786
7116,26426659.516875938
7117,26398168.861207582
7118,26369629.61518739
7119,26341041.698630523
7120,26312432.224088073
7121,26283886.755233184
7122,26255292.6133139
7123,26226649.718046173
7124,26197957.989022944
7125,26169283.824517407
7126,26140634.724946048
7127,26111936.789224755
7128,26083189.936847743
7129,26054394.08718593
7130,26025660.659935888
7131,25996907.622366995
7132,25968105.585254405
7133,25939254.467870735
7134,25910375.08916136
7135,25881566.888704147
7136,25852709.605829082
7137,25823803.159710895
7138,25794847.469400767
7139,25765919.22079584
7140,25737006.631491147
7141,25708044.795987148
7142,25679033.633237533
7143,25649973.06207248
7144,25621001.2567895
7145,25591983.97161447
7146,25562917.276158143
7147,25533801.089153513
7148,25504698.03819704
7149,25475625.243436787
7150,25446502.9553791
7151,25417331.092660327
7152,25388109.573793165
7153,25358973.130519688
7154,25329795.190343536
7155,25300567.592415307
7156,25271290.255151384
7157,25242032.114441726
7158,25212798.463012543
7159,25183515.070763644
7160,25154181.856015652
7161,25124806.639583703
7162,25095517.21815443
7163,25066177.97286292
7164,25036788.82193458
7165,25007349.68347082
7166,24977955.863632824
7167,24948560.70697102
7168,24919115.561561923
7169,24889620.345412113
7170,24860118.770692453
7171,24830667.644732047
7172,24801166.44694296
7173,24771615.09523746
7174,24742013.507403724
7175,24712503.12146105
7176,24682945.81379901
7177,24653338.269076154
7178,24623680.404986765
7179,24594071.43642672
7180,24564457.961810455
7181,24534794.167022053
7182,24505079.9696625
7183,24475376.853133168
7184,24445707.154898178
7185,24415987.053414647
7186,24386216.466190696
7187,24356423.59959896
7188,24326697.621502806
7189,24296921.157118496
7190,24267094.12386173
7191,24237216.439024057
7192,24207433.55486302
7193,24177600.671801798
7194,24147717.13677517
7195,24117782.866982847
7196,24087919.1132924
7197,24058029.756212927
7198,24028089.66411611
7199,23998098.75411029
7200,23968158.42045401
7201,23938212.534455433
7202,23908215.83043046
7203,23878168.225396466
7204,23848155.56563397
7205,23818153.09626135
7206,23788099.72589795
7207,23757995.371470865
7208,23727914.604012895
7209,23697855.497263074
7210,23667745.406604715
7211,23637584.248875253
7212,23607439.55693709
7213,23577323.759264275
7214,23547156.894813765
7215,23516938.880333792
7216,23486734.41218691
7217,23456561.870508462
7218,23426338.1792337
7219,23396063.255022228
7220,23365803.1242443
7221,23335573.785946634
7222,23305293.21528662
7223,23274961.328835636
7224,23244649.614558857
7225,23214363.42750344
7226,23184025.92537408
7227,23153637.02465457
7228,23123277.771812312
7229,23092934.684341587
7230,23062540.199141786
7231,23032094.232609842
7232,23001691.45218177
7233,22971291.4131253
7234,22940839.89374314
7235,22910336.810345862
7236,22879894.479601603
7237,22849437.43828238
7238,22818928.83410144
7239,22788368.58328353
7240,22757890.646024365
7241,22727376.552264817
7242,22696810.81317023
7243,22666203.263628166
7244,22635683.711679183
7245,22605112.51580783
7246,22574489.59219274
7247,22543854.026292354
7248,22513277.405330364
7249,22482649.058188174
7250,22451968.90096034
7251,22421309.16336854
7252,22390675.424999457
7253,22359989.87826125
7254,22329252.439164955
7255,22298572.340963263
7256,22267881.437035114
7257,22237138.64261938
7258,22206343.873644248
7259,22175647.194504414
7260,22144899.077398922
7261,22114098.987759955
7262,22083290.73594473
7263,22052537.32897698
7264,22021731.951617036
7265,21990874.519752644
7266,21960056.95111479
7267,21929246.31917677
7268,21898383.635033585
7269,21867468.81449208
7270,21836645.6129222
7271,21805777.70996298
7272,21774857.673064232
7273,21743933.324087597
7274,21713060.235980585
7275,21682135.016510833
7276,21651157.581448033
7277,21620234.673508048
7278,21589304.30546238
7279,21558321.72456263
7280,21527304.452175446
7281,21496368.969760675
7282,21465381.277350325
7283,21434341.2906793
7284,21403332.408684075
7285,21372339.639304757
7286,21341294.578688126
7287,21310197.991171163
7288,21279200.179582916
7289,21248150.079901867
7290,21217047.607830364
7291,21186002.73125914
7292,21155023.22034937
7293,21123991.467835378
7294,21092907.389548313
7295,21061770.901197415
7296,21030636.8759145
7297,20999623.523620084
7298,20968557.892346848
7299,20937439.89793367
7300,20906269.456097748
7301,20875057.130195428
7302,20844009.99948303
7303,20812910.55273295
7304,20781758.7057931
7305,20750554.374389708
7306,20719297.47412745
7307,20688193.600775592
7308,20657060.402957015
7309,20625874.768219434
7310,20594636.612299465
7311,20563345.850812376
7312,20532185.136325374
7313,20501018.252982765
7314,20469798.89631621
7315,20438526.982074022
7316,20407202.425883226
7317,20375995.272586957
7318,20344794.770410933
7319,20313541.758834165
7320,20282236.153617784
7321,20250877.870401908
7322,20219634.53526255
7323,20188400.48210009
7324,20157113.883792005
7325,20125774.656113356
7326,20094382.71471871
7327,20063113.310906813
7328,20031845.77577185
7329,20000525.660081923
7330,19969152.87962741
7331,19937727.350078456
7332,19906441.848517526
7333,19875140.901601035
7334,19843787.33905962
7335,19812381.076700352
7336,19780922.030210115
7337,19749630.261109237
7338,19718295.97378962
7339,19686909.03611843
7340,19655469.3639206
7341,19624003.481724508
7342,19592688.527272813
7343,19561320.97212664
7344,19529900.73224947
7345,19498427.723485243
7346,19466974.607164796
7347,19435626.492720228
7348,19404225.743532576
7349,19372772.27558545
7350,19341266.00474324
7351,19309835.071599953
7352,19278453.871813167
7353,19247020.003588397
7354,19215533.382930577
7355,19183993.92572597
7356,19152594.458330873
7357,19121180.24907851
7358,19089713.33805078
7359,19058193.641275402
7360,19026656.712996237
7361,18995262.222312707
7362,18963815.08070805
7363,18932315.204352163
7364,18900762.509296976
7365,18869275.00368013
7366,18837847.691640332
7367,18806367.69604402
7368,18774834.93308622
7369,18743249.31884431
7370,18711820.12316497
7371,18680360.069019724
7372,18648847.29905074
7373,18617281.729479667
7374,18585741.200609736
7375,18554301.148959868
7376,18522808.433224984
7377,18491262.969771493
7378,18459664.674848873
7379,18428199.635973938
7380,18396727.036073852
7381,18365201.740541264
7382,18333623.665771615
7383,18302064.106003184
7384,18270611.68389557
7385,18239106.61844517
7386,18207548.826193966
7387,18175938.22356762
7388,18144470.83021056
7389,18112986.057363153
7390,18081448.610356465
7391,18049858.405763857
7392,18018312.8071367
7393,17986848.389774017
7394,17955331.35109994
7395,17923761.607836068
7396,17892145.826750588
7397,17860701.82811693
7398,17829205.261227176
7399,17797656.042951755
7400,17766054.090046123
7401,17734554.466139562
7402,17703078.434850905
7403,17671549.805589817
7404,17639968.495261714
7405,17608414.28023242
7406,17576958.848728146
7407,17545450.872874826
7408,17513890.269728445
7409,17482289.13074981
7410,17450854.363581523
7411,17419367.10589866
7412,17387827.274908535
7413,17356234.78770467
7414,17324772.725407537
7415,17293306.251028474
7416,17261787.257540874
7417,17230215.662190553
7418,17198721.566771246
7419,17167275.94120148
7420,17135777.850935765
7421,17104227.213373005
7422,17072708.408088256
7423,17041283.697207116
7424,17009806.5762576
7425,16978276.96279242
7426,16946740.658894762
7427,16915336.928956795
7428,16883880.843794074
7429,16852372.32111375
7430,16820825.619103584
7431,16789442.936739907
7432,16758007.954212254
7433,16726520.58938287
7434,16694980.760002067
7435,16663678.954169184
7436,16632338.570258647
7437,16600945.98179336
7438,16569501.106871868
7439,16538003.86348143
7440,16506629.29669321
7441,16475331.28147943
7442,16443981.157578915
7443,16412578.843327241
7444,16381124.256949527
7445,16349692.53254616
7446,16318436.95692838
7447,16287129.368752288
7448,16255769.686591422
7449,16224357.828909546
7450,16192893.71406035
7451,16161671.166495295
7452,16130406.185858602
7453,16099089.207866564
7454,16067720.151222365
7455,16036298.93451976
7456,16005049.168207495
7457,15973826.867578674
7458,15942552.66648864
7459,15911226.483880788
7460,15879848.238589922
7461,15848585.91293568
7462,15817406.36543532
7463,15786175.01463421
7464,15754891.779716969
7465,15723556.579760144
7466,15692296.04903447
7467,15661159.328434005
7468,15629970.901961414
7469,15598730.689043343
7470,15567438.608998867
7471,15536193.926917626
7472,15505100.107638778
7473,15473954.680186264
7474,15442757.564229539
7475,15411508.67933117
7476,15380293.603571014
7477,15349242.76068518
7478,15318140.407595616
7479,15286986.464215405
7480,15255780.850351574
7481,15224608.847002208
7482,15193601.056230165
7483,15162541.853497487
7484,15131431.158961797
7485,15100268.892675348
7486,15069153.140629733
7487,15038188.478341525
7488,15007172.502610551
7489,14976105.133840004
7490,14944986.292328063
7491,14913939.687611418
7492,14883018.23082643
7493,14852045.559393175
7494,14821021.593961105
7495,14789946.255075354
7496,14758981.41511434
7497,14728103.241501644
7498,14697173.952313384
7499,14666193.468446067
7500,14635161.710692788
7501,14604290.978525853
7502,14573456.166404594
7503,14542570.33806031
7504,14511633.41463755
7505,14480645.317178091
7506,14449880.765607893
7507,14419089.393947834
7508,14388247.105698759
7509,14357353.822254255
7510,14326460.013755623
7511,14295762.900594268
7512,14265015.049016388
7513,14234216.380766772
7514,14203366.817488797
7515,14172602.860990979
7516,14141949.248232795
7517,14111244.99701015
7518,14080490.029317958
7519,14049684.267050166
7520,14019069.74957566
7521,13988470.280493164
7522,13957820.290623255
7523,13927119.70223857
7524,13896368.437511466
7525,13865869.694877788
7526,13835324.43953962
7527,13804728.781340225
7528,13774082.642830614
7529,13743455.775342602
7530,13713015.014091574
7531,13682524.04523024
7532,13651982.791687673
7533,13621391.176294161
7534,13590904.268785248
7535,13560517.75145168
7536,13530081.144667452
7537,13499594.371640867
7538,13469057.35548236
7539,13438721.87871153
7540,13408389.683723366
7541,13378007.517707659
7542,13347575.304152928
7543,13317148.13133139
7544,13286920.116648003
7545,13256642.32576378
7546,13226314.68254459
7547,13195937.110759873
7548,13165683.881504208
7549,13135510.237595383
7550,13105286.936172841
7551,13075013.901383545
7552,13044692.151020914
7553,13014622.429925488
7554,12984503.245761268
7555,12954334.52305203
7556,12924116.186226549
7557,12893989.818806855
7558,12863974.531660553
7559,12833909.900420886
7560,12803795.849893596
7561,12773632.304790061
7562,12743711.458248843
7563,12713750.702500038
7564,12683740.721928949
7565,12653681.441624101
7566,12623724.438320646
7567,12593867.347074239
7568,12563961.22511566
7569,12534005.997909926
7570,12504023.63747169
7571,12474270.005122816
7572,12444467.535825368
7573,12414616.155420115
7574,12384715.789655754
7575,12354968.60524805
7576,12325269.588484816
7577,12295521.854415348
7578,12265725.329164376
7579,12235972.838121833
7580,12206377.08006462
7581,12176732.798175104
7582,12147039.91895333
7583,12117298.368808761
7584,12087799.47460224
7585,12058258.457566835
7586,12028669.03673115
7587,11999031.138880258
7588,11969546.00777174
7589,11940108.07566653
7590,11910621.932987627
7591,11881087.506895041
7592,11851625.691515386
7593,11822290.672446107
7594,11792907.635737108
7595,11763476.508922894
7596,11734047.318753125
7597,11704815.049544003
7598,11675534.955350528
7599,11646206.964081211
7600,11616831.003556909
7601,11587689.795138046
7602,11558512.489495693
7603,11529287.479543015
7604,11500014.693475012
7605,11470923.288941164
7606,11441848.628207223
7607,11412726.455681045
7608,11383556.69993138
7609,11354523.707343
7610,11325551.559109831
7611,11296532.091373026
7612,11267465.233074779
7613,11238499.028723761
7614,11209629.272821933
7615,11180712.389495326
7616,11151748.308059007
7617,11122857.038968071
7618,11094089.568568757
7619,11065275.16263507
7620,11036413.750854444
7621,11007605.337211618
7622,10978940.06003809
7623,10950228.039055273
7624,10921469.204322737
7625,10892751.341855474
7626,10864188.181514807
7627,10835578.468950052
7628,10806922.134592583
7629,10778302.296887437
7630,10749841.19433522
7631,10721333.731031863
7632,10692779.837780343
7633,10664265.278554153
7634,10635906.193705793
7635,10607500.939497322
7636,10579049.447102996
7637,10550647.202432064
7638,10522390.115936292
7639,10494087.051422592
7640,10465737.94043616
7641,10437454.830950618
7642,10409299.74614251
7643,10381098.874645837
7644,10352852.1483767
7645,10324694.78142714
7646,10296641.72647958
7647,10268543.0761996
7648,10240398.762874123
7649,10212373.53467808
7650,10184422.564973647
7651,10156426.19136296
7652,10128384.34650386
7653,10100497.44427919
7654,10072648.645026261
7655,10044754.633410852
7656,10016815.342461599
7657,9989072.746553114
7658,9961326.235673819
7659,9933534.704145385
7660,9905704.877496293
7661,9878105.571372515
7662,9850461.50269287
7663,9822772.60530396
7664,9795098.729742961
7665,9767601.460112331
7666,9740059.619124342
7667,9712473.140995244
7668,9684961.464325324
7669,9657565.94264664
7670,9630126.040317383
7671,9602641.691922512
7672,9575367.655485958
7673,9548177.656183595
7674,9520943.634928625
7675,9493665.526921928
7676,9466343.267291045
7677,9439176.204572318
7678,9412146.626361482
7679,9385073.318162123
7680,9357956.215713998
7681,9330795.254684528
7682,9303752.435127908
7683,9276882.49602768
7684,9249969.117516134
7685,9223012.235869471
7686,9196011.787292318
7687,9169109.871665964
7688,9142398.793666307
7689,9115644.565452296
7690,9088847.123833891
7691,9062006.405550472
7692,9035261.46024144
7693,9008708.46928058
7694,8982112.615928536
7695,8955473.837526385
7696,8928792.071345761
7697,8902219.582368791
7698,8875823.908310642
7699,8849385.658316983
7700,8822904.770257574
7701,8796381.181933733
7702,8769996.068659417
7703,8743756.945270985
7704,8717475.5310416
7705,8691151.764367279
7706,8664785.58357635
7707,8638602.212183667
7708,8612518.87711256
7709,8586393.534940377
7710,8560226.124586752
7711,8534016.584904606
7712,8508048.781562807
7713,8482120.476314936
7714,8456150.446357459
7715,8430138.631131005
7716,8404084.97001065
7717,8378346.033795632
7718,8352572.003713016
7719,8326756.529969977
7720,8300899.552525755
7721,8275083.128100178
7722,8249503.7268251395
7723,8223883.221063655
7724,8198221.551354835
7725,8172518.658174118
7726,8146979.521548798
7727,8121594.601828433
7728,8096168.922900702
7729,8070702.425914729
7730,8045195.05195703
7731,8019758.758895241
7732,7994567.009717419
7733,7969334.844267762
7734,7944062.2043012
7735,7918749.031510873
7736,7893434.41633849
7737,7868434.535432849
7738,7843394.578862447
7739,7818314.488983623
7740,7793194.20809194
7741,7768033.678422425
7742,7743210.045006295
7743,7718361.001386989
7744,7693472.163349748
7745,7668543.473788369
7746,7643574.875537021
7747,7618905.705463228
7748,7594246.287488994
7749,7569547.411684203
7750,7544809.021536572
7751,7520031.06047511
7752,7495533.004205142
7753,7471061.933132
7754,7446551.738527219
7755,7422002.364468097
7756,7397413.754974386
7757,7373102.767966521
7758,7348818.773552829
7759,7324495.9876324255
7760,7300134.354868072
7761,7275733.819866012
7762,7251625.181337865
7763,7227527.001784904
7764,7203390.360490604
7765,7179215.202699102
7766,7155001.473598887
7767,7131109.8048631605
7768,7107196.186756133
7769,7083244.434428052
7770,7059254.493700197
7771,7035258.139092151
7772,7011565.59272136
7773,6987835.290970921
7774,6964067.180288812
7775,6940261.2070693
7776,6916511.699340984
7777,6893000.910000119
7778,6869452.687784265
7779,6845866.9797093505
7780,6822243.732738456
7781,6798753.808295472
7782,6775423.54957071
7783,6752056.178276989
7784,6728651.641994002
7785,6705209.888249694
7786,6681991.694956106
7787,6658840.748571962
7788,6635653.007740081
7789,6612428.420599948
7790,6589168.4657442635
7791,6566232.048749447
7792,6543259.204511908
7793,6520249.8817768525
7794,6497204.02923959
7795,6474240.865514263
7796,6451481.035254851
7797,6428685.090994889
7798,6405852.982030412
7799,6382984.657608506
7800,6360328.7471490055
7801,6337744.311564659
7802,6315124.073082219
7803,6292467.981544626
7804,6269812.047070265
7805,6247437.26635525
7806,6225027.041285445
7807,6202581.322293849
7808,6180100.059766311
7809,6157773.152901041
7810,6135571.100059365
7811,6113333.909188282
7812,6091061.53125894
7813,6068760.658159992
7814,6046764.952111674
7815,6024734.460713092
7816,6002669.135514913
7817,5980568.928022416
7818,5958616.803857253
7819,5936791.1989263045
7820,5914931.110263018
7821,5893036.489947511
7822,5871134.379502887
7823,5849511.863544863
7824,5827855.210757599
7825,5806164.37379041
7826,5784439.305248944
7827,5762903.725703936
7828,5741448.723539118
7829,5719959.881524024
7830,5698437.152828875
7831,5676973.601396215
7832,5655718.479874637
7833,5634429.859716613
7834,5613107.694651414
7835,5591751.938366239
7836,5570670.868885179
7837,5549580.712660464
7838,5528457.350206811
7839,5507300.735765886
7840,5486311.850366691
7841,5465418.415193881
7842,5444492.109402195
7843,5423532.887782308
7844,5402646.967310673
7845,5381948.52522309
7846,5361217.545084766
7847,5340453.982229979
7848,5319681.358131396
7849,5299176.19595061
7850,5278638.8252712
7851,5258069.2019658
7852,5237467.2818682585
7853,5217106.187815915
7854,5196760.725089601
7855,5176383.336832348
7856,5155973.9794117985
7857,5135742.880155037
7858,5115587.638440212
7859,5095400.795319605
7860,5075182.307689479
7861,5055138.143681197
7862,5035266.843575562
7863,5015364.41268958
7864,4995430.808646432
7865,4975465.989032896
7866,4955511.668060095
7867,4935889.750027592
7868,4916237.123516383
7869,4896553.746829965
7870,4876839.578236546
7871,4857094.57596892
7872,4837620.882741915
7873,4818215.088984516
7874,4798778.962828544
7875,4779312.463214466
7876,4759815.549048289
7877,4740468.524053022
7878,4721306.625860033
7879,4702114.8079003
7880,4682893.029777516
7881,4663641.251061969
7882,4644439.994596716
7883,4625519.088813528
7884,4606568.670810396
7885,4587588.70084544
7886,4568579.139144319
7887,4549541.691293806
7888,4530858.908408361
7889,4512147.015823866
7890,4493405.974444209
7891,4474635.74514154
7892,4455836.288756473
7893,4437331.6279074745
7894,4418855.419516785
7895,4400350.460521504
7896,4381816.712431695
7897,4363254.136726774
7898,4344941.938931782
7899,4326698.60643932
7900,4308426.916614665
7901,4290126.831597264
7902,4271798.313496725
7903,4253712.642644442
7904,4235727.326207136
7905,4217714.084193822
7906,4199672.879422553
7907,4181603.674682358
7908,4163615.873569665
7909,4145885.083261106
7910,4128126.7930747974
7911,4110340.9664969947
7912,4092527.56698584
7913,4074686.5579715297
7914,4057178.588116956
7915,4039671.799913787
7916,4022137.8956981595
7917,4004576.839587164
7918,3986988.595670677
7919,3969613.5250532874
7920,3952354.834526109
7921,3935069.4424580066
7922,3917757.313614852
7923,3900418.4127361653
7924,3883194.596758035
7925,3866180.644540919
7926,3849140.3994256705
7927,3832073.826816958
7928,3814980.8920940473
7929,3797925.5674659433
7930,3781153.0385460667
7931,3764354.619619859
7932,3747530.276721017
7933,3730679.9758586567
7934,3713809.304630528
7935,3697274.92776797
7936,3680715.058116627
7937,3664129.6623296137
7938,3647518.7070361357
7939,3630882.158841663
7940,3614548.366331627
7941,3598223.8123169877
7942,3581874.1243955917
7943,3565499.2698072297
7944,3549099.2157687536
7945,3532974.590143382
7946,3516882.160836919
7947,3500764.984319438
7948,3484623.028431963
7949,3468456.2609932045
7950,3452554.054437532
7951,3436690.601061612
7952,3420802.781711217
7953,3404890.564819228
7954,3388953.9187969733
7955,3373286.470028914
7956,3357648.8854051484
7957,3341987.310657185
7958,3326301.714800528
7959,3310592.066829982
7960,3295170.838309006
7961,3279756.0563140586
7962,3264317.6547308457
7963,3248855.603148514
7964,3233377.265528855
7965,3218205.485025895
7966,3203010.4800540814
7967,3187792.220786633
7968,3172550.6773774675
7969,3157343.441545582
7970,3142388.0928832367
7971,3127409.879316309
7972,3112408.7715732357
7973,3097384.7403638484
7974,3082457.590876708
7975,3067715.732996251
7976,3052951.364680141
7977,3038164.4572034273
7978,3023354.9818231137
7979,3008716.16451662
7980,2994184.895238728
7981,2979631.464966993
7982,2965055.8455144702
7983,2950458.008676835
7984,2936115.061999447
7985,2921791.517515472
7986,2907446.1565196156
7987,2893078.9513544464
7988,2878746.8554508425
7989,2864649.6596239377
7990,2850531.0139936167
7991,2836390.8914398532
7992,2822229.264826484
7993,2808210.2574575003
7994,2794314.837668715
7995,2780398.3023245716
7996,2766460.6248174245
7997,2752501.7785242386
7998,2738801.3973096386
7999,2725105.006630253
8000,2711387.8298883014
8001,2697649.840980507
8002,2683993.841167605
8003,2670514.2046746886
8004,2657014.132513012
8005,2643493.5990899927
8006,2629952.578798822
8007,2616628.5019665333
8008,2603342.189576403
8009,2590035.761202128
8010,2576709.1917390963
8011,2563449.935758532
8012,2550374.088938919
8013,2537278.465872042
8014,2524163.0419467133
8015,2511027.7925386145
8016,2498111.3750880407
8017,2485223.3075237237
8018,2472315.773868035
8019,2459388.7499818387
8020,2446555.073904814
8021,2433871.361227621
8022,2421168.5118474397
8023,2408446.5021018074
8024,2395705.716571836
8025,2383223.206619759
8026,2370721.884057715
8027,2358201.725691479
8028,2345662.7083152304
8029,2333278.9509891304
8030,2320976.045598366
8031,2308654.623743075
8032,2296314.662677825
8033,2284038.251558597
8034,2271930.7007872257
8035,2259804.9477502783
8036,2247660.9701545895
8037,2235500.3369838176
8038,2223585.1246701535
8039,2211652.0192288626
8040,2199700.9988110573
8041,2187732.0415576114
8042,2175938.1837734366
8043,2164194.750479381
8044,2152433.7068006317
8045,2140655.031314839
8046,2128988.3561215703
8047,2117431.6646153727
8048,2105857.6624033484
8049,2094266.3284921767
8050,2082733.750543909
8051,2071360.9148802282
8052,2059971.0633529136
8053,2048564.1753899949
8054,2037172.1252919412
8055,2025980.3032743495
8056,2014771.755473764
8057,2003546.4617320122
8058,1992304.401882489
8059,1981287.2985142232
8060,1970257.2506502667
8061,1959210.7426445868
8062,1948147.754737395
8063,1937279.0533446001
8064,1926424.7441484265
8065,1915554.2559879615
8066,1904667.5695029178
8067,1893952.4212233007
8068,1883271.131310527
8069,1872573.9390607572
8070,1861860.8255060124
8071,1851303.9723992005
8072,1840793.0236424424
8073,1830266.4446965796
8074,1819724.2169789218
8075,1809330.0094016218
8076,1798986.7643123826
8077,1788628.1567722405
8078,1778254.1685768904
8079,1768026.5819603044
8080,1757848.4430801356
8081,1747655.205146234
8082,1737446.850325829
8083,1727389.5013737988
8084,1717373.9106743687
8085,1707343.4800449563
8086,1697298.1920175971
8087,1687414.3543433342
8088,1677558.7926355784
8089,1667688.6459147579
8090,1657803.8970710922
8091,1648096.516289857
8092,1638398.50264183
8093,1628686.1547563467
8094,1618960.001875891
8095,1609431.1641700212
8096,1599888.255333416
8097,1590331.2589582317
8098,1580789.6701787198
8099,1571413.2888076755
8100,1562023.0786529093
8101,1552619.0236453335
8102,1543263.9974152832
8103,1534037.7067559522
8104,1524797.8257155775
8105,1515544.33855766
8106,1506377.6013234616
8107,1497299.071705149
8108,1488207.1862256844
8109,1479101.9294751368
8110,1470124.9482861345
8111,1461191.8854512875
8112,1452245.6974530674
8113,1443286.3692021114
8114,1434500.3638658447
8115,1425710.508438981
8116,1416907.7547841251
8117,1408136.2113768181
8118,1399508.922584506
8119,1390868.9863404888
8120,1382216.388197169
8121,1373617.0923478752
8122,1365137.0043053871
8123,1356644.5007105835
8124,1348139.567433169
8125,1339714.383954262
8126,1331379.0546185425
8127,1323031.5375929447
8128,1314671.8190582683
8129,1306422.3397166135
8130,1298229.3667810094
8131,1290024.430048573
8132,1281807.5160051438
8133,1273735.072839079
8134,1265682.093095195
8135,1257617.369544636
8136,1249550.363665522
8137,1241646.5671093666
8138,1233731.2558191333
8139,1225804.4168749142
8140,1217919.3144271264
8141,1210150.6873465003
8142,1202370.757624143
8143,1194579.5126273688
8144,1186876.8929540461
8145,1179241.1894115908
8146,1171594.3916155465
8147,1163936.4872148319
8148,1156416.7191551651
8149,1148911.729797149
8150,1141395.8509316696
8151,1133898.0953332977
8152,1126532.3233405862
8153,1119155.874809008
8154,1111768.7379352031
8155,1104493.221824125
8156,1097325.5252568529
8157,1090147.4535607428
8158,1082958.9953120376
8159,1075760.1390860227
8160,1068616.185261009
8161,1061631.2233505903
8162,1054636.1683544298
8163,1047631.0092160851
8164,1040615.734878452
8165,1033612.332640275
8166,1026805.5442971308
8167,1019988.9375383065
8168,1013162.5016639607
8169,1006326.2259738294
8170,999480.0997672139
8171,992838.297922447
8172,986195.6832742369
8173,979543.5073407309
8174,972881.7597680271
8175,966210.4302020194
8176,959718.8015666157
8177,953245.8325074645
8178,946763.5629794713
8179,940271.9829649081
8180,933771.0824460986
8181,927435.9294381356
8182,921128.3663867492
8183,914811.7568473268
8184,908486.0911284526
8185,902151.3595389378
8186,895978.1590978209
8187,889831.8668125301
8188,883676.7753581085
8189,877512.8753598143
8190,871340.157443296
8191,865333.6152119562
8192,859344.5602528331
8193,853346.9469509845
8194,847340.7662389628
8195,841326.0090499026
8196,835490.1107080138
8197,829654.3589601765
8198,823810.2833687054
8199,817957.8751643319
8200,812113.3841737361
8201,806435.1854603693
8202,800748.8997170392
8203,795054.518462938
8204,789352.0332181385
8205,783688.8400372079
8206,778156.1426279056
8207,772615.5802317946
8208,767067.1446486253
8209,761510.827679222
8210,756030.9234268834
8211,750640.0827597342
8212,745241.5933013181
8213,739835.4471236102
8214,734421.6362997853
8215,729126.4744145902
8216,723873.9357801648
8217,718613.9588515621
8218,713346.5359648365
8219,708072.6723119436
8220,702962.1946060058
8221,697844.4909591617
8222,692719.5539621918
8223,687587.3762073106
8224,682503.8986640731
8225,677524.6751450078
8226,672538.4249694889
8227,667545.1409766525
8228,662544.816007173
8229,657651.6850406673
8230,652800.4229027746
8231,647942.328127378
8232,643077.3937944896
8233,638222.27245371
8234,633502.3972295707
8235,628775.8849440961
8236,624042.7289091711
8237,619302.9224384129
8238,614640.8072914158
8239,610042.3660248772
8240,605437.4713589654
8241,600826.1168320013
8242,596211.7547303969
8243,591737.9657743629
8244,587257.9084600878
8245,582771.576543589
8246,578278.9637827859
8247,573858.5490894641
8248,569499.9955879033
8249,565135.3475722093
8250,560764.5990112224
8251,556399.6803240892
8252,552159.3852048686
8253,547913.1706302045
8254,543661.0307732545
8255,539402.9598092291
8256,535231.4542485096
8257,531100.5085929609
8258,526963.8080198454
8259,522821.3469023012
8260,518711.32995840197
8261,514692.57238599483
8262,510668.22549648926
8263,506638.28385472595
8264,502602.7420277294
8265,498684.34538501996
8266,494769.34820196044
8267,490848.9174189359
8268,486923.04778865323
8269,483070.6064011479
8270,479262.03443065495
8271,475448.1854997162
8272,471629.05454085855
8273,467845.9513202326
8274,464140.95746765204
8275,460430.8389050564
8276,456715.59073908307
8277,453004.8134623276
8278,449400.6260023758
8279,445791.46181410074
8280,442177.31617271865
8281,438558.1843558141
8282,435035.40332386846
8283,431524.4910254007
8284,428008.7412671002
8285,424488.149489801
8286,421039.52535796433
8287,417624.2340456108
8288,414204.2452238216
8289,410779.55449147074
8290,407407.1176037178
8291,404084.88607616717
8292,400758.0930577388
8293,397426.7343002875
8294,394132.21102410153
8295,390900.5459529032
8296,387664.4515855777
8297,384423.9238220754
8298,381208.7569433342
8299,378065.23109103495
8300,374917.40441868117
8301,371765.27296958014
8302,368630.64100095286
8303,365572.891485648
8304,362510.966009977
8305,359444.86075599195
8306,356391.6962103075
8307,353417.4228154224
8308,350439.09480300575
8309,347456.70848938404
8310,344485.7151672035
8311,341592.6786953308
8312,338695.705528751
8313,335794.7921137261
8314,332906.4614521562
8315,330092.4821218024
8316,327274.6806937652
8317,324453.05374005315
8318,321647.6802677806
8319,318910.636151899
8320,316169.8813012358
8321,313425.41240948054
8322,310716.53507071326
8323,308100.9104304467
8324,305481.7462657282
8325,302859.03944372997
8326,300232.7868340982
8327,297602.98530899745
8328,295004.3056489113
8329,292498.00983635825
8330,289988.3319910619
8331,287475.26914982905
8332,284958.8183519572
8333,282438.9766392325
8334,279953.988998146
8335,277552.5329620914
8336,275147.84558599547
8337,272739.9240678931
8338,270328.7656082949
8339,267914.3674102014
8340,265545.5955177195
8341,263244.6726153563
8342,260940.66255374104
8343,258633.5626841178
8344,256323.37036017675
8345,254010.08293809195
8346,251759.183470444
8347,249554.662125062
8348,247347.1915645035
8349,245136.76928555858
8350,242923.39278745613
8351,240707.05957187366
8352,238574.91711817103
8353,236462.83377012244
8354,234347.93317803458
8355,232230.21297694673
8356,230109.6708043247
8357,227993.8772699668
8358,225973.11836621593
8359,223949.67070547614
8360,221923.53205171175
8361,219894.7001712747
8362,217863.17283290287
8363,215870.20386657098
8364,213934.3124441916
8365,211995.85291334873
8366,210054.82316271265
8367,208111.2210833145
8368,206165.04456854693
8369,204298.17427509985
8370,202449.138996667
8371,200597.6582699236
8372,198743.7301078351
8373,196887.35252567826
8374,195028.52354107169
8375,193256.88349215896
8376,191490.8792057128
8377,189722.54644521145
8378,187951.88334121654
8379,186178.88802657236
8380,184412.46458835618
8381,182728.0481840603
8382,181041.41661265024
8383,179352.56811370526
8384,177661.50092902934
8385,175968.21330267846
8386,174302.23516718787
8387,172693.58660073415
8388,171082.82912733767
8389,169469.96109182824
8390,167854.98084123447
8391,166237.88672478506
8392,164671.88164313874
8393,163135.65999167442
8394,161597.43075370096
8395,160057.19237358324
8396,158514.94329784525
8397,156970.6819751698
8398,155503.69828163763
8399,154036.70854284326
8400,152567.80782305298
8401,151096.9946607416
8402,149624.26759649022
8403,148179.29126813525
8404,146780.29554594416
8405,145379.48232276083
8406,143976.8502239472
8407,142572.39787692702
8408,141166.12391119378
8409,139820.45500063922
8410,138484.6262319222
8411,137147.0676884833
8412,135807.77807979187
8413,134466.75611732728
8414,133149.2661203376
8415,131875.45927016166
8416,130600.00749019503
8417,129322.90956740626
8418,128044.1642907225
8419,126763.7704510488
8420,125544.05924247044
8421,124327.88182088587
8422,123110.13911888353
8423,121890.82999853892
8424,120669.95332384128
8425,119482.40579305858
8426,118322.79866517028
8427,117161.70325043582
8428,115999.1184799945
8429,114835.04328684843
8430,113682.4195942995
8431,112576.8012598529
8432,111469.76794559775
8433,110361.31864787261
8434,109251.45236483443
8435,108140.16809645883
8436,107081.90335271093
8437,106026.46417280038
8438,104969.67886529374
8439,103911.5464898403
8440,102852.06610785615
8441,101830.12060976701
8442,100823.91953992755
8443,99816.43884793618
8444,98807.67765146699
8445,97797.63506991634
8446,96813.49849424444
8447,95854.28640954515
8448,94893.85801591395
8449,93932.21248577375
8450,92969.34899321977
8451,92024.1369163245
8452,91109.76677440245
8453,90194.24059538389
8454,89277.55760333907
8455,88359.71702395313
8456,87454.21193032876
8457,86582.63417031923
8458,85709.95774747687
8459,84836.18193457607
8460,83961.30600595729
8461,83095.99473520492
8462,82265.25288276457
8463,81433.46698128592
8464,80600.6363494618
8465,79766.76030750852
8466,78942.8819887727
8467,78155.57545176068
8468,77367.28244672652
8469,76578.00233925109
8470,75787.73449638428
8471,74996.4782866449
8472,74238.27784047647
8473,73491.2552324851
8474,72743.30006214412
8475,71994.41174036889
8476,71244.58967949453
8477,70506.98755977723
8478,69799.12585432662
8479,69090.38320207401
8480,68380.75905501645
8481,67670.25286651845
8482,66958.86409131199
8483,66284.61784850314
8484,65613.08274327942
8485,64940.71502745769
8486,64267.51419281208
8487,63593.479732433094
8488,62941.46649963244
8489,62305.23598574505
8490,61668.21911984872
8491,61030.41542966495
8492,60391.82444418586
8493,59763.44398388061
8494,59160.71196155204
8495,58557.23735930823
8496,57953.0197385077
8497,57348.05866173026
8498,56744.38126331648
8499,56173.43358874036
8500,55601.78475168619
8501,55029.43434497863
8502,54456.381962611384
8503,53882.62719975681
8504,53337.39687146086
8505,52795.94472861049
8506,52253.83023324395
8507,51711.05300873143
8508,51167.612679575286
8509,50646.68742950255
8510,50133.88591154229
8511,49620.45914494375
8512,49106.4067805398
8513,48591.72847024605
8514,48095.494616538796
8515,47609.876452813725
8516,47123.668143360774
8517,46636.869364674065
8518,46149.47979428695
8519,45678.12346462221
8520,45218.29619175285
8521,44757.91198149365
8522,44296.970534308755
8523,43835.47155166292
8524,43389.00467224522
8525,42953.646843771065
8526,42517.7634924776
8527,42081.354341215214
8528,41644.419113794356
8529,41222.70283473988
8530,40810.560421716305
8531,40397.92220218486
8532,39984.787919895534
8533,39571.157319515514
8534,39173.92309864947
8535,38783.80607162511
8536,38393.22134663245
8537,38002.168686922625
8538,37610.64785662586
8539,37237.516405933624
8540,36868.29548921863
8541,36498.63346102628
8542,36128.53010279705
8543,35757.98519681626
8544,35408.48347936104
8545,35059.08706894485
8546,34709.274692701285
8547,34359.0461490326
8548,34012.17445265111
8549,33681.97768708647
8550,33351.38892399299
8551,33020.40797681116
8552,32689.03465975345
8553,32365.683399222344
8554,32053.306912094286
8555,31740.56090337884
8556,31427.44520127799
8557,31113.959634732877
8558,30813.405094298178
8559,30517.934540919767
8560,30222.115720900605
8561,29925.948476191177
8562,29630.01607011651
8563,29350.911883605706
8564,29071.479675654304
8565,28791.71930033536
8566,28511.630612395744
8567,28238.404993112024
8568,27975.927675313367
8569,27713.14300493926
8570,27450.050848725536
8571,27186.651074046604
8572,26929.460164408847
8573,26682.75129451199
8574,26435.754602733563
8575,26188.46996755355
8576,25940.89726805856
8577,25699.259464381987
8578,25467.50790253062
8579,25235.486976226282
8580,25003.19657483443
8581,24770.636588298254
8582,24544.019946976205
8583,24326.45939944445
8584,24108.64693300818
8585,23890.582447117624
8586,23672.265841771015
8587,23460.097234856607
8588,23256.003954111005
8589,23051.675246193205
8590,22847.111019889875
8591,22642.31118450543
8592,22443.984243846342
8593,22252.67485722308
8594,22061.145636274134
8595,21869.396498421833
8596,21677.427361578575
8597,21492.309299985347
8598,21313.13876117483
8599,21133.76313397298
8600,20954.18234378297
8601,20774.39631647276
8602,20601.833700477928
8603,20434.19335847677
8604,20266.361876293286
8605,20098.339186701323
8606,19930.125222913968
8607,19769.44875719879
8608,19612.76453786274
8609,19455.90237539171
8610,19298.862209360166
8611,19141.643979755558
8612,18992.17234776954
8613,18845.903043596045
8614,18699.468286268115
8615,18552.86802162693
8616,18406.102195902797
8617,18267.144983926824
8618,18130.78064820993
8619,17994.262684025005
8620,17857.59104298137
8621,17720.765677055446
8622,17591.54599050119
8623,17464.50318509913
8624,17337.31783436769
8625,17209.989895184783
8626,17082.519324773377
8627,16962.726183358664
8628,16844.43081356755
8629,16726.00325777651
8630,16607.443477661396
8631,16488.751435221646
8632,16378.16168950869
8633,16268.075334926345
8634,16157.866476819581
8635,16047.535081227823
8636,15937.700638822997
8637,15835.4317466499
8638,15733.049430761099
8639,15630.553660875588
8640,15527.944406995955
8641,15427.265041076489
8642,15332.21811151195
8643,15237.06621225462
8644,15141.809316636658
8645,15046.447398255905
8646,14954.572579684895
8647,14866.30394075037
8648,14777.938232987268
8649,14689.475433000553
8650,14600.91551764451
8651,14517.478722748077
8652,14435.57222941647
8653,14353.576050836371
8654,14271.49016657301
8655,14189.790478660938
8656,14113.93856402337
8657,14038.003881961205
8658,13961.986414495073
8659,13885.88614386289
8660,13812.25716482014
8661,13742.004484462086
8662,13671.675481739887
8663,13601.270141096285
8664,13530.78844717681
8665,13464.820037120342
8666,13399.823577074583
8667,13334.756816946388
8668,13269.619743356809
8669,13205.69422093479
8670,13145.69688396076
8671,13085.63488542609
8672,13025.508213730067
8673,12965.316857447355
8674,12908.565819349871
8675,12853.195862583003
8676,12797.766499696534
8677,12742.277720849954
8678,12687.708646926385
8679,12636.737771418537
8680,12585.712408102518
8681,12534.632548557118
8682,12483.498184512004
8683,12435.568268895026
8684,12388.672124088971
8685,12341.726076816456
8686,12294.73012006356
8687,12249.218681833692
8688,12206.844951679535
8689,12164.426298047567
8690,12121.96271513104
8691,12079.454197249941
8692,12037.672360343046
8693,11999.450990489187
8694,11961.189288185056
8695,11922.887248791827
8696,11884.544867785558
8697,11846.461425650014
8698,11812.0953842454
8699,11777.69324932023
8700,11743.255017242296
8701,11708.780684483381
8702,11674.332617236561
8703,11643.54633464362
8704,11612.727871919626
8705,11581.877226293514
8706,11550.994395088135
8707,11520.09313942909
8708,11492.630962611727
8709,11465.14021807792
8710,11437.620903786696
8711,11410.07301778138
8712,11382.609864789965
8713,11358.234622538945
8714,11333.834146732257
8715,11309.408435941063
8716,11284.957488811575
8717,11260.808214336494
8718,11239.299885412669
8719,11217.769399854466
8720,11196.216756738777
8721,11174.641955209108
8722,11153.670775993114
8723,11134.825252834347
8724,11115.960412157268
8725,11097.076253448971
8726,11078.172776255327
8727,11060.235714598355
8728,11043.863655758283
8729,11027.474898683038
8730,11011.069443184155
8731,10994.647289124525
8732,10979.595019622486
8733,10965.520784596984
8734,10951.432267405675
8735,10937.329468107659
8736,10923.212386806299
8737,10910.892630416394
8738,10898.953290964944
8739,10887.001897570419
8740,10875.038450470482
8741,10863.26805104368
8742,10853.32247321461
8743,10843.366895704092
8744,10833.40131883505
8745,10823.425742961965
8746,10814.230339822136
8747,10806.12643917669
8748,10798.014432865053
8749,10789.894321277587
8750,10781.766104830507
8751,10774.984441904424
8752,10768.592328402803
8753,10762.19385494245
8754,10755.789021931592
8755,10749.648647099464
8756,10744.852589918939
8757,10740.051781034163
8758,10735.246220811672
8759,10730.435909633412
8760,10726.517462113106
8761,10723.199472520626
8762,10719.878213192298
8763,10716.553684433746
8764,10713.315163264033
8765,10711.373604692704
8766,10709.430141060398
8767,10707.484772570308
8768,10705.537499431932
8769,10704.317258410627
8770,10703.652929178663
8771,10702.98795165462
8772,10702.322325918436
8773,10701.780794955257
8774,10702.304205599612
8775,10702.82812477249
8776,10703.35255240436
8777,10703.87748842396
8778,10705.149021249963
8779,10706.777082444532
8780,10708.406716635707
8781,10710.03792358169
8782,10711.960396068896
8783,10714.614088041293
8784,10717.270332461138
8785,10719.929128901114
8786,10722.590476925176
8787,10726.126311160942
8788,10729.736359657927
8789,10733.349860847062
8790,10736.966814090592
8791,10741.109130602223
8792,10745.605540686223
8793,10750.106231550259
8794,10754.611202343795
8795,10759.366325999546
8796,10764.686623633315
8797,10770.011963098748
8798,10775.342343323025
8799,10780.710174899355
8800,10786.796488307134
8801,10792.88854268374
8802,10798.986336725971
8803,10805.089869110434
8804,10811.76019038638
8805,10818.565293674981
8806,10825.376778342845
8807,10832.194642826862
8808,10839.410936707682
8809,10846.879375861245
8810,10854.35478528031
8811,10861.837163156435
8812,10869.590003144249
8813,10877.675726454487
8814,10885.768960118892
8815,10893.869702079028
8816,10902.146605085483
8817,10910.806952000541
8818,10919.475304280479
8819,10928.151659613008
8820,10936.937729243487
8821,10946.133180046361
8822,10955.337089579953
8823,10964.549455275032
8824,10973.827934374527
8825,10983.521878266309
8826,10993.224695778268
8827,11002.936384081748
8828,11012.689780774352
8829,11022.857010130787
8830,11033.033500377376
8831,11043.219248421521
8832,11053.414251136397
8833,11064.00822420874
8834,11074.6255764546
8835,11085.252539342224
8836,11095.889109478123
8837,11106.864741097514
8838,11117.892610116789
8839,11128.930411106187
8840,11139.978140404946
8841,11151.321928853502
8842,11162.73224868612
8843,11174.15279273865
8844,11185.583557082833
8845,11197.28109139108
8846,11209.047903108201
8847,11220.82520446139
8848,11232.61299125495
8849,11244.649245519891
8850,11256.748537947542
8851,11268.858560661462
8852,11280.97930919884
8853,11293.338890255896
8854,11305.748452685031
8855,11318.168963188993
8856,11330.600417038355
8857,11343.267771496501
8858,11355.967057479433
8859,11368.677488217825
8860,11381.39997042668
8861,11394.358644669424
8862,11407.328646071363
8863,11420.309969416498
8864,11433.327393618072
8865,11446.539037548673
8866,11459.762168083538
8867,11472.996779743626
8868,11486.292656932968
8869,11499.741015060177
8870,11513.201002599391
8871,11526.672613809664
8872,11540.230917433242
8873,11553.90094758465
8874,11567.582734579346
8875,11581.276272415658
8876,11595.08150263475
8877,11608.959283983493
8878,11622.848935391241
8879,11636.750450596875
8880,11650.78768231143
8881,11664.860330334903
8882,11678.944948486462
8883,11693.05292421807
8884,11707.296447306617
8885,11721.552035157249
8886,11735.819681042469
8887,11750.142951773898
8888,11764.558295912186
8889,11778.985781717269
8890,11793.425402206718
8891,11807.950076722182
8892,11822.527028220376
8893,11837.116187866062
8894,11851.717548423196
8895,11866.450818494843
8896,11881.201111200298
8897,11895.963686524876
8898,11910.738536969491
8899,11925.57715997933
8900,11940.488096444271
8901,11955.411377587874
8902,11970.346995650933
8903,11985.294942823306
8904,12000.353739286995
8905,12015.426133998326
8906,12030.510916114328
8907,12045.608077566934
8908,12060.765540421693
8909,12075.97647197021
8910,12091.199831085487
8911,12106.435609444305
8912,12121.692739154349
8913,12137.032553376672
8914,12152.384825901756
8915,12167.749548153892
8916,12183.12671150488
8917,12198.566169653337
8918,12214.038530727152
8919,12229.52336339969
8920,12245.02065879228
8921,12260.550711011538
8922,12276.135097318796
8923,12291.73196921894
8924,12307.341317585313
8925,12322.963133237976
8926,12338.650163628601
8927,12354.3516954526
8928,12370.065710278062
8929,12385.79219867897
8930,12401.560809020735
8931,12417.360249199895
8932,12433.17217230544
8933,12448.996568667539
8934,12464.84550245119
8935,12480.736668658014
8936,12496.640311648789
8937,12512.556421512047
8938,12528.48498828212
8939,12544.468550590764
8940,12560.465721056284
8941,12576.475352261787
8942,12592.497433996976
8943,12608.531955997132
8944,12624.600012437659
8945,12640.695206507917
8946,12656.802837402636
8947,12672.922894615827
8948,12689.055367586892
8949,12705.207610879535
8950,12721.393718828516
8951,12737.592232626126
8952,12753.803141473605
8953,12770.026434517344
8954,12786.262100848773
8955,12802.532128205832
8956,12818.815177428487
8957,12835.110584087632
8958,12851.418337039338
8959,12867.738425084663
8960,12884.083471314741
8961,12900.445387294963
8962,12916.81961737962
8963,12933.20615013715
8964,12949.604974080781
8965,12966.022829446023
8966,12982.458542374568
8967,12998.906520907187
8968,13015.366753327155
8969,13031.839227862314
8970,13048.327199768397
8971,13064.832168062238
8972,13081.349348775213
8973,13097.878729907723
8974,13114.420299404625
8975,13130.975363703388
8976,13147.545511610766
8977,13164.127814493047
8978,13180.722260069906
8979,13197.328836005521
8980,13213.947755468003
8981,13230.579417952333
8982,13247.223174081953
8983,13263.879011297999
8984,13280.546916986044
8985,13297.22629943671
8986,13313.916042064953
8987,13330.617813357789
8988,13347.331600479984
8989,13364.057390540598
8990,13380.794364689904
8991,13397.539074500306
8992,13414.295744637338
8993,13431.064361991424
8994,13447.84491339726
8995,13464.63656982607
8996,13481.433436698819
8997,13498.242192475842
8998,13515.06282377514
8999,13531.895317159124
9000,13548.738670522782
9001,13565.585150199046
9002,13582.443444512317
9003,13599.313539810168
9004,13616.195422384615
9005,13633.087461593059
9006,13649.981243125489
9007,13666.886762393207
9008,13683.804005475322
9009,13700.732958395267
9010,13717.670683856417
9011,13734.609660961953
9012,13751.560296451746
9013,13768.522576138199
9014,13785.496485778107
9015,13802.476936350993
9016,13819.459182200451
9017,13836.453004796695
9018,13853.458389687177
9019,13870.47532236397
9020,13887.495594185144
9021,13904.519339218907
9022,13921.554577219036
9023,13938.601293469885
9024,13955.659473200538
9025,13972.716732144867
9026,13989.78034455326
9027,14006.855364131297
9028,14023.941775902087
9029,14041.039564833483
9030,14058.13105403939
9031,14075.233022589688
9032,14092.346310608618
9033,14109.470902859784
9034,14126.602154137865
9035,14143.729827665604
9036,14160.868746594992
9037,14178.018895486864
9038,14195.180258847015
9039,14212.341423902784
9040,14229.504825196245
9041,14246.679380924057
9042,14263.865075390953
9043,14281.061892846761
9044,14298.250371132192
9045,14315.448268747617
9046,14332.657228189382
9047,14349.877233507808
9048,14367.101299353366
9049,14384.32154820283
9050,14401.552780847202
9051,14418.794981138844
9052,14436.04813287559
9053,14453.295292849667
9054,14470.547871995666
9055,14487.811339499876
9056,14505.085678963724
9057,14522.36566238554
9058,14539.638718242417
9059,14556.922582159852
9060,14574.217237544412
9061,14591.522667748486
9062,14608.821614838416
9063,14626.125054155462
9064,14643.439203485534
9065,14660.764045987738
9066,14678.09293462483
9067,14695.415171810339
9068,14712.748036633888
9069,14730.091512062792
9070,14747.445581010694
9071,14764.789421182119
9072,14782.140261029732
9073,14799.501628032978
9074,14816.873504915344
9075,14834.244355512947
9076,14851.612463032467
9077,14868.991013407709
9078,14886.379989173533
9079,14903.776591983762
9080,14921.161288668136
9081,14938.556343087708
9082,14955.961737590264
9083,14973.377454470541
9084,14990.783440446246
9085,15008.19434470456
9086,15025.615502946006
9087,15043.046897279937
9088,15060.47567384173
9089,15077.901795561233
9090,15095.33808439622
9091,15112.78452227225
9092,15130.234793592637
9093,15147.675519334114
9094,15165.126324578077
9095,15182.587191067742
9096,15200.057649933962
9097,15217.51238266151
9098,15234.977106553719
9099,15252.451803173015
9100,15269.936454029954
9101,15287.409291712409
9102,15304.88735069161
9103,15322.375293175133
9104,15339.873100494584
9105,15357.363188808675
9106,15374.854011563479
9107,15392.354627913299
9108,15409.865019012435
9109,15427.37104915293
9110,15444.874074913503
9111,15462.386803689753
9112,15479.909216460415
9113,15497.429877699728
9114,15514.94455474176
9115,15532.468843565794
9116,15550.002724976548
9117,15567.536706195884
9118,15585.062490531393
9119,15602.597794775545
9120,15620.142599560682
9121,15637.688590405925
9122,15655.224944638083
9123,15672.770726279834
9124,15690.325915792857
9125,15707.882607531672
9126,15725.428999853943
9127,15742.984726474391
9128,15760.549767685836
9129,15778.115853828385
9130,15795.671757150501
9131,15813.236901059905
9132,15830.811265682247
9133,15848.385442416753
9134,15865.950333602425
9135,15883.524371077403
9136,15901.107534801933
9137,15918.688501286213
9138,15936.26186048874
9139,15953.844271107539
9140,15971.435712939243
9141,15989.022171481762
9142,16006.603481566031
9143,16024.193747630154
9144,16041.792949309016
9145,16059.38360546678
9146,16076.97235150712
9147,16094.56995753894
9148,16112.176403037309
9149,16129.769965651987
9150,16147.365634496571
9151,16164.970066803688
9152,16182.583241890352
9153,16200.178423079846
9154,16217.780502974023
9155,16235.391249272194
9156,16253.006765766862
9157,16270.60615625455
9158,16288.214136515622
9159,16305.830685603574
9160,16323.445471210507
9161,16341.050350106834
9162,16358.66372084425
9163,16376.285562323597
9164,16393.898336617443
9165,16411.508195083206
9166,16429.126446958748
9167,16446.753070994248
9168,16464.362556816803
9169,16481.976886349476
9170,16499.599510372333
9171,16517.22525517131
9172,16534.835330839072
9173,16552.453623099424
9174,16570.08011045264
9175,16587.70023150236
9176,16605.313861294286
9177,16622.93560795947
9178,16640.56544985305
9179,16658.17867789347
9180,16675.79535383898
9181,16693.420046479856
9182,16711.044703832787
9183,16728.647349596013
9184,16746.257929423387
9185,16763.876421441128
9186,16781.502803731368
9187,16799.11619673946
9188,16816.720085954348
9189,16834.33178247911
9190,16851.95126426809
9191,16869.578509232033
9192,16887.178321856853
9193,16904.78262660145
9194,16922.3946112408
9195,16940.01425356081
9196,16957.629140575656
9197,16975.22545540537
9198,16992.82934441104
9199,17010.440785256087
9200,17028.059755561375
9201,17045.65677531332
9202,17063.251967946806
9203,17080.854606243283
9204,17098.464667704124
9205,17116.07309775031
9206,17133.658990602984
9207,17151.25222261889
9208,17168.8527711823
9209,17186.460613636053
9210,17204.046925849525
9211,17221.630144773535
9212,17239.22057331901
9213,17256.818188714722
9214,17274.412291957804
9215,17291.98488746619
9216,17309.564585372413
9217,17327.151362793746
9218,17344.74519680712
9219,17362.312969855873
9220,17379.88132254656
9221,17397.45664713377
9222,17415.038920585986
9223,17432.61091549486
9224,17450.167303957187
9225,17467.73055642556
9226,17485.300649762674
9227,17502.874855396185
9228,17520.411794933054
9229,17537.955487683157
9230,17555.505910415042
9231,17573.06303985859
9232,17590.626852705256
9233,17608.151993203744
9234,17625.6821214118
9235,17643.218845190673
9236,17660.762141141426
9237,17678.311985827346
9238,17695.825069793515
9239,17713.34076471988
9240,17730.86292044346
9241,17748.3915134406
9242,17765.926520150322
9243,17783.424595528908
9244,17800.92498858651
9245,17818.431707329422
9246,17835.944728113147
9247,17853.464027256585
9248,17870.944153159813
9249,17888.42837599096
9250,17905.918789081526
9251,17923.415368670165
9252,17940.916231795312
9253,17958.3773379791
9254,17975.844522545463
9255,17993.317761655737
9256,18010.79703143589
9257,18028.27442230795
9258,18045.71775847881
9259,18063.167037161053
9260,18080.622234406634
9261,18098.083326232994
9262,18115.534337724534
9263,18132.959037035413
9264,18150.389542741857
9265,18167.82583079076
9266,18185.267877095135
9267,18202.689614401348
9268,18220.09481062343
9269,18237.50567690556
9270,18254.92218909367
9271,18272.34432300052
9272,18289.733903907312
9273,18307.118731551785
9274,18324.509092725868
9275,18341.904963178727
9276,18359.30270047397
9277,18376.660873777302
9278,18394.024468221352
9279,18411.393459494564
9280,18428.767823253555
9281,18446.127995049188
9282,18463.464208282257
9283,18480.805705899613
9284,18498.152463500704
9285,18515.504456653845
9286,18532.824218425816
9287,18550.13760921639
9288,18567.456147510642
9289,18584.779808823238
9290,18602.10041732185
9291,18619.385089478947
9292,18636.67479669613
9293,18653.96951443735
9294,18671.26921813681
9295,18688.544080269607
9296,18705.804346078516
9297,18723.06950997093
9298,18740.339547333842
9299,18757.61052905231
9300,18774.840744623605
9301,18792.07574590607
9302,18809.315508242496
9303,18826.560006947315
9304,18843.779955575414
9305,18860.984187066602
9306,18878.19306728076
9307,18895.40657149167
9308,18912.61795678766
9309,18929.790812951054
9310,18946.96820560644
9311,18964.15010998992
9312,18981.336501310638
9313,18998.491618064403
9314,19015.63691944937
9315,19032.786620411163
9316,19049.940696124802
9317,19067.08261224837
9318,19084.19522044273
9319,19101.312116194396
9320,19118.4332746473
9321,19135.5586709199
9322,19152.63913595305
9323,19169.72262657875
9324,19186.81026800427
9325,19203.902035320472
9326,19220.964709409076
9327,19238.014196932985
9328,19255.067723518805
9329,19272.125264232887
9330,19289.168000630158
9331,19306.182889083815
9332,19323.2017050394
9333,19340.22442354175
9334,19357.245086152798
9335,19374.22478164309
9336,19391.20829326757
9337,19408.195596052512
9338,19425.186665001307
9339,19442.13597033415
9340,19459.083586083856
9341,19476.034881817275
9342,19492.989832522904
9343,19509.912568316286
9344,19526.823698872737
9345,19543.73839845997
9346,19560.656642054553
9347,19577.550706508868
9348,19594.424764846342
9349,19611.302281499746
9350,19628.183231436677
9351,19645.046533913286
9352,19661.882935366695
9353,19678.72268467349
9354,19695.56575679524
9355,19712.396217934504
9356,19729.194380266705
9357,19745.995780256148
9358,19762.800392861438
9359,19779.59594469973
9360,19796.35528816898
9361,19813.117759379867
9362,19829.88333329102
9363,19846.641919376776
9364,19863.361866803705
9365,19880.084832351364
9366,19896.810790981315
9367,19913.530366489926
9368,19930.21034332455
9369,19946.893228967674
9370,19963.57899838677
9371,19980.257530234492
9372,19996.896964622585
9373,20013.539198829647
9374,20030.184207831877
9375,20046.81967478863
9376,20063.41799763828
9377,20080.019011653883
9378,20096.62269182344
9379,20113.21308462478
9380,20129.769729672003
9381,20146.32895758258
9382,20162.890743359287
9383,20179.434064816945
9384,20195.948468691528
9385,20212.46534749109
9386,20228.984676236072
9387,20245.47894134782
9388,20261.950543638275
9389,20278.42451329326
9390,20294.90082535379
9391,20311.34406141201
9392,20327.77230473067
9393,20344.202808245034
9394,20360.635547019556
9395,20377.025793718516
9396,20393.41012376566
9397,20409.79660724478
9398,20426.18273511527
9399,20442.52052878914
9400,20458.86039441715
9401,20475.20230713202
9402,20491.53179198898
9403,20507.824679255937
9404,20524.119532532543
9405,20540.416326983042
9406,20556.687244391156
9407,20572.934680155075
9408,20589.1839764267
9409,20605.43510840469
9410,20621.645546726286
9411,20637.84698921869
9412,20654.050187172663
9413,20670.249941076876
9414,20686.403176321062
9415,20702.558087163587
9416,20718.71464889052
9417,20734.850360907203
9418,20750.956633711936
9419,20767.06447797758
9420,20783.173869032595
9421,20799.243664469373
9422,20815.30244292818
9423,20831.362689202793
9424,20847.4170294863
9425,20863.426396006773
9426,20879.437151773367
9427,20895.449272215796
9428,20911.4342019801
9429,20927.395123754613
9430,20943.357332103224
9431,20959.320802505645
9432,20975.23448476134
9433,20991.14644021598
9434,21007.05958010053
9435,21022.944249084783
9436,21038.782481617764
9437,21054.621819767548
9438,21070.462239164382
9439,21086.303715431863
9440,21102.1202225186
9441,21117.88588305872
9442,21133.65252246779
9443,21149.42011646412
9444,21165.18864076013
9445,21180.93447095424
9446,21196.626224470176
9447,21212.31883111817
9448,21228.012266709688
9449,21243.706507051076
9450,21259.379321179946
9451,21274.995782531638
9452,21290.61297232327
9453,21306.230866464557
9454,21321.84944086082
9455,21337.44709678371
9456,21352.98682337296
9457,21368.527154789685
9458,21384.06806704704
9459,21399.609536154556
9460,21415.13011473254
9461,21430.59159800918
9462,21446.053563616904
9463,21461.515987677507
9464,21476.978846310045
9465,21492.42068351113
9466,21507.802339116857
9467,21523.184355711455
9468,21538.56670953071
9469,21553.949376808418
9470,21569.311103775763
9471,21584.61126005719
9472,21599.911657179593
9473,21615.212271498276
9474,21630.513079367076
9475,21645.79367290469
9476,21661.010557459642
9477,21676.227563944834
9478,21691.444668840406
9479,21706.66184862594
9480,21721.860695422714
9481,21736.992419257884
9482,21752.12414739525
9483,21767.255856445598
9484,21782.387523019843
9485,21797.50450215261
9486,21812.549040916787
9487,21827.593467687235
9488,21842.637759211222
9489,21857.681892236837
9490,21872.717511600837
9491,21887.672994395856
9492,21902.628250282436
9493,21917.583256149865
9494,21932.537988888926
9495,21947.492108036782
9496,21962.357747013077
9497,21977.22304557032
9498,21992.08798074367
9499,22006.952529570437
9500,22021.816669090436
9501,22036.59541852006
9502,22051.36998511332
9503,22066.144076387907
9504,22080.917669531522
9505,22095.690741734885
9506,22110.378229435355
9507,22125.06130136974
9508,22139.743787502288
9509,22154.425665174706
9510,22169.106911732346
9511,22183.698501749055
9512,22198.289328395196
9513,22212.87946022912
9514,22227.468874750015
9515,22242.050036705063
9516,22256.548659606506
9517,22271.046502523142
9518,22285.54354311039
9519,22300.039759028547
9520,22314.51621076488
9521,22328.92122997045
9522,22343.32536302354
9523,22357.72858774342
9524,22372.130881954978
9525,22386.498142992663
9526,22400.808843261526
9527,22415.118552739736
9528,22429.427249413875
9529,22443.734911276802
9530,22457.988555368443
9531,22472.20423397586
9532,22486.41881870311
9533,22500.632287707424
9534,22514.84461915289
9535,22528.980274435326
9536,22543.1002412819
9537,22557.219012726066
9538,22571.33656709896
9539,22585.441380319175
9540,22599.466231876308
9541,22613.48980959398
9542,22627.51209197239
9543,22641.53305751965
9544,22655.51156866214
9545,22669.43946506945
9546,22683.36598912378
9547,22697.29111950486
9548,22711.21483490093
9549,22725.06282958101
9550,22738.893117619646
9551,22752.72193640866
9552,22766.54926481027
9553,22780.35481739265
9554,22794.088400405915
9555,22807.820439868177
9556,22821.55091481754
9557,22835.279804301703
9558,22848.94682446333
9559,22862.581625597602
9560,22876.214789379203
9561,22889.84629503397
9562,22903.463440954823
9563,22917.0005535338
9564,22930.535957214634
9565,22944.069631403127
9566,22957.60155551565
9567,22971.072347973466
9568,22984.50955144189
9569,22997.944955356747
9570,23011.378539316498
9571,23024.792197702445
9572,23038.13076970524
9573,23051.467473405497
9574,23064.80228858546
9575,23078.13519503889
9576,23091.394874294394
9577,23104.632456740903
9578,23117.868083423404
9579,23131.10173432142
9580,23144.29719225569
9581,23157.435241344596
9582,23170.571268754575
9583,23183.705254652457
9584,23196.833115494213
9585,23209.871228089156
9586,23222.90725442604
9587,23235.941174860553
9588,23248.972969761202
9589,23261.935882830945
9590,23274.87151529883
9591,23287.80497881794
9592,23300.73625394744
9593,23313.624736494414
9594,23326.45959133068
9595,23339.292215522048
9596,23352.12258981971
9597,23364.929773926273
9598,23377.64425931054
9599,23390.35645716753
9600,23403.066348470526
9601,23415.77391420681
9602,23428.46940143671
9603,23441.060748254844
9604,23453.64973346827
9605,23466.23633828795
9606,23478.820543939295
9607,23491.398756893304
9608,23503.866424511252
9609,23516.331658524883
9610,23528.794440384703
9611,23541.254751556153
9612,23553.71019481807
9613,23566.053659752022
9614,23578.394621169573
9615,23590.73306076259
9616,23603.068960238295
9617,23615.396220308878
9618,23627.614976273246
9619,23639.83116090569
9620,23652.044756141175
9621,23664.25574393028
9622,23676.449489149734
9623,23688.54304710037
9624,23700.633968008446
9625,23712.722234053563
9626,23724.80782743126
9627,23736.86280789011
9628,23748.830696062752
9629,23760.795883594732
9630,23772.75835291165
9631,23784.71808645554
9632,23796.629133894097
9633,23808.470897838182
9634,23820.309899662807
9635,23832.14612204104
9636,23843.979547662697
9637,23855.741575358996
9638,23867.45677796667
9639,23879.169159101606
9640,23890.878701685597
9641,23902.585388657488
9642,23914.19339130404
9643,23925.78161283442
9644,23937.366955669786
9645,23948.949402981805
9646,23960.514236242976
9647,23971.977991528427
9648,23983.438829627255
9649,23994.89673394453
9650,24006.35168790284
9651,24017.752896440015
9652,24029.0889365396
9653,24040.422006254237
9654,24051.752089240556
9655,24063.079169173034
9656,24074.293574677395
9657,24085.47872013541
9658,24096.66085030144
9659,24107.8399491173
9660,24119.016000542964
9661,24130.151505668182
9662,24141.18493706313
9663,24152.21531087745
9664,24163.242611339287
9665,24174.266822695176
9666,24185.287929209917
9667,24196.19912398955
9668,24207.076909152864
9669,24217.95158160213
9670,24228.823125871375
9671,24239.69152651325
9672,24250.51298390666
9673,24261.23732936702
9674,24271.958525414742
9675,24282.676556872426
9676,24293.391408581443
9677,24304.10306540194
9678,24314.6884155044
9679,24325.255264450876
9680,24335.81891508499
9681,24346.3793525377
9682,24356.93656195894
9683,24367.422167973735
9684,24377.833772866485
9685,24388.24214843755
9686,24398.647280108326
9687,24409.049153319353
9688,24419.430740382093
9689,24429.68617367108
9690,24439.938349369335
9691,24450.18725318949
9692,24460.432870863366
9693,24470.675188142097
9694,24480.804735270398
9695,24490.899750922752
9696,24500.991469489658
9697,24511.079876994918
9698,24521.164959481757
9699,24531.18186833395
9700,24541.118723107033
9701,24551.05225838978
9702,24560.98246049864
9703,24570.90931576955
9704,24580.810123191342
9705,24590.587769728434
9706,24600.362077207774
9707,24610.13303223905
9708,24619.900621451463
9709,24629.664831493894
9710,24639.299525940787
9711,24648.91350811215
9712,24658.52412143766
9713,24668.131352840344
9714,24677.735189262934
9715,24687.246756847686
9716,24696.699256005624
9717,24706.14837283851
9718,24715.594094563767
9719,24725.036408418422
9720,24734.422357586736
9721,24743.712147795206
9722,24752.998545164744
9723,24762.28153720758
9724,24771.56111145559
9725,24780.819355448955
9726,24789.945133588244
9727,24799.06751139179
9728,24808.186476667073
9729,24817.302017241287
9730,24826.414120961315
9731,24835.391290515607
9732,24844.348261519237
9733,24853.30181586814
9734,24862.25194168524
9735,24871.198627113128
9736,24880.037158699506
9737,24888.817050244146
9738,24897.593528107653
9739,24906.366580722573
9740,24915.136196541083
9741,24923.891781568218
9742,24932.494550492633
9743,24941.093911454704
9744,24949.689853194894
9745,24958.282364473278
9746,24966.871434069428
9747,24975.37171052719
9748,24983.793930398926
9749,24992.212739807757
9750,25000.628127819673
9751,25009.04008352015
9752,25017.439775451312
9753,25025.684845694155
9754,25033.92651695347
9755,25042.16477859932
9756,25050.399620021086
9757,25058.631030627534
9758,25066.758208366584
9759,25074.82275067496
9760,25082.883897859585
9761,25090.941639611738
9762,25098.995965641865
9763,25107.005853665192
9764,25114.893290568816
9765,25122.777349532185
9766,25130.658020546227
9767,25138.53529362096
9768,25146.409158785485
9769,25154.130263602412
9770,25161.837274199926
9771,25169.54091700991
9772,25177.241182339614
9773,25184.9380605152
9774,25192.526067817776
9775,25200.0560827468
9776,25207.582752715593
9777,25215.106068326215
9778,25222.62602019947
9779,25230.073365894274
9780,25237.42644986346
9781,25244.776214351805
9782,25252.12265025374
9783,25259.465748482242
9784,25266.765078541554
9785,25273.94130737851
9786,25281.114244852717
9787,25288.283882148386
9788,25295.45021046806
9789,25302.594377691643
9790,25309.593837384688
9791,25316.590036458256
9792,25323.582966383678
9793,25330.572618650378
9794,25337.55467945739
9795,25344.37746512654
9796,25351.197023531222
9797,25358.013346427153
9798,25364.826425587864
9799,25371.636252804758
9800,25378.285851616096
9801,25384.928875096648
9802,25391.56869930335
9803,25398.20531629106
9804,25404.838718132116
9805,25411.3128859382
9806,25417.779487065185
9807,25424.242927735595
9808,25430.703200282536
9809,25437.159268652213
9810,25443.452677207777
9811,25449.74297410185
9812,25456.03015192593
9813,25462.314203288413
9814,25468.582363184858
9815,25474.699546136064
9816,25480.813661096607
9817,25486.92470093046
9818,25493.032658518274
9819,25499.106936359905
9820,25505.048016162065
9821,25510.986074192188
9822,25516.92110358361
9823,25522.853097486033
9824,25528.727703864122
9825,25534.492804100675
9826,25540.254931320185
9827,25546.014078922137
9828,25551.770240322054
9829,25557.43956658434
9830,25563.02881025715
9831,25568.615132193594
9832,25574.198526056007
9833,25579.778985522404
9834,25585.23760026547
9835,25590.651107952723
9836,25596.061747700096
9837,25601.469513429412
9838,25606.87439907784
9839,25612.117044533374
9840,25617.35493240302
9841,25622.59000863622
9842,25627.822267410844
9843,25633.008166304902
9844,25638.073291220484
9845,25643.13566888633
9846,25648.195293718385
9847,25653.252160147113
9848,25658.212217519635
9849,25663.10187192921
9850,25667.988840135095
9851,25672.873116802635
9852,25677.7546966114
9853,25682.48417398084
9854,25687.198444762667
9855,25691.910092878315
9856,25696.619113239056
9857,25701.278308465317
9858,25705.819820196826
9859,25710.358780148006
9860,25714.895183458946
9861,25719.429025283134
9862,25723.848852371717
9863,25728.215040775696
9864,25732.57874567345
9865,25736.93996244411
9866,25741.281599790538
9867,25745.47490628666
9868,25749.665804440716
9869,25753.854289854527
9870,25758.040358142545
9871,25762.13457698431
9872,25766.15252960467
9873,25770.16814691229
9874,25774.18142474105
9875,25778.190421916
9876,25782.035255944316
9877,25785.877834144114
9878,25789.71815256585
9879,25793.55620727159
9880,25797.31048346571
9881,25800.97981314709
9882,25804.64696482432
9883,25808.31193477275
9884,25811.974719278882
9885,25815.47070728819
9886,25818.96444195142
9887,25822.456078966043
9888,25825.94561482845
9889,25829.347303347207
9890,25832.667322820314
9891,25835.98533084462
9892,25839.30132412357
9893,25842.606554331644
9894,25845.75250707573
9895,25848.896536721393
9896,25852.03864017618
9897,25855.178814357398
9898,25858.21705886699
9899,25861.186701424776
9900,25864.15450852956
9901,25867.12047729939
9902,25870.056819365676
9903,25872.842759680098
9904,25875.62696301568
9905,25878.409426696835
9906,25881.190148056692
9907,25883.882800434298
9908,25886.48393389654
9909,25889.0834280683
9910,25891.681280484514
9911,25894.277488688276
9912,25896.720662886506
9913,25899.13773909064
9914,25901.553275758255
9915,25903.967270629648
9916,25906.33256932376
9917,25908.567794867453
9918,25910.801584720648
9919,25913.03393681672
9920,25915.264849096053
9921,25917.36920610332
9922,25919.42183361652
9923,25921.473129007973
9924,25923.52309040645
9925,25925.537757275448
9926,25927.40982226344
9927,25929.280662334644
9928,25931.15027580196
9929,25933.018660984293
9930,25934.76152222059
9931,25936.452523468193
9932,25938.14240703939
9933,25939.831171432445
9934,25941.467337675556
9935,25942.957215073355
9936,25944.44609983532
9937,25945.933990654048
9938,25947.420886226962
9939,25948.84900009775
9940,25950.13747985304
9941,25951.425092647056
9942,25952.71183736624
9943,25953.997712901237
9944,25955.2106945951
9945,25956.29863298808
9946,25957.385832196207
9947,25958.472291293794
9948,25959.558009358687
9949,25960.549001006526
9950,25961.437266877863
9951,25962.324923403892
9952,25963.21196984073
9953,25964.098405447447
9954,25964.86076841624
9955,25965.55024172838
9956,25966.239237559697
9957,25966.927755342174
9958,25967.61579451001
9959,25968.143106557098
9960,25968.634676850223
9961,25969.12590351476
9962,25969.616786152386
9963,25970.098604299685
9964,25970.39337662124
9965,25970.687941353368
9966,25970.98229826045
9967,25971.276447107823
9968,25971.510648618525
9969,25971.60918140551
9970,25971.707644164435
9971,25971.80603681789
9972,25971.904359288797
9973,25971.88515555784
9974,25971.788354709992
9975,25971.691623283547
9976,25971.594961353214
9977,25971.49836899338
9978,25971.220176334322
9979,25970.928949897345
9980,25970.637934186754
9981,25970.347129423266
9982,25969.99286627115
9983,25969.486751177894
9984,25968.981004893943
9985,25968.4756277972
9986,25967.97062026386
9987,25967.42452074667
9988,25966.704986321256
9989,25965.98598081847
9990,25965.267504765427
9991,25964.549558686907
9992,25963.803044021515
9993,25962.871372890553
9994,25961.9403925474
9995,25961.0101036615
9996,25960.08050689915
9997,25959.14034361729
9998,25958.120551565753
9999,25957.10152210136
